Timestamp,Seq,AF3,AF4,Fp1,Fp2,AF7,AF8,Event,EventDate,EventDuration
0,0,0.1875,0.1875,0.1875,0.1875,0.1875,0.1875,,,
0.00200295448303223,0,0.1875,0.1875,0.1875,0.1875,0.1875,0.1875,,,
0.00400304794311523,0,0.1875,0.1875,0.1875,0.1875,0.1875,0.1875,,,
0.00600600242614746,0,0.1875,0.1875,0.1875,0.1875,0.1875,0.1875,,,
0.00800609588623047,0,0.1875,0.1875,0.1875,0.1875,0.1875,0.1875,,,
0.0100090503692627,0,0.1875,0.1875,0.1875,0.1875,0.1875,0.1875,,,
0.0120120048522949,0,0.1875,0.1875,0.1875,0.1875,0.1875,0.1875,,,
0.0140120983123779,0,0.1875,0.1875,0.1875,0.1875,0.1875,0.1875,,,
0.0160150527954102,0,0.1875,0.1875,0.1875,0.1875,0.1875,0.1875,,,
0.0180149078369141,0,0.1875,0.1875,0.1875,0.1875,0.1875,0.1875,,,
0.0200181007385254,0,0.1875,0.1875,0.1875,0.1875,0.1875,0.1875,,,
0.0220210552215576,0,0.1875,0.1875,0.1875,0.1875,0.1875,0.1875,,,
0.0240209102630615,0,0.1875,0.1875,0.1875,0.1875,0.1875,0.1875,,,
0.0260241031646729,0,0.1875,0.1875,0.1875,0.1875,0.1875,0.1875,,,
0.0280270576477051,0,0.1875,0.1875,0.1875,0.1875,0.1875,0.1875,,,
0.030026912689209,0,0.1875,0.1875,0.1875,0.1875,0.1875,0.1875,,,
0.0320301055908203,0,0.1875,0.1875,0.1875,0.1875,0.1875,0.1875,,,
0.0340299606323242,0,0.1875,0.1875,0.1875,0.1875,0.1875,0.1875,,,
0.0360329151153564,0,0.1875,0.1875,0.1875,0.1875,0.1875,0.1875,,,
0.0380361080169678,0,0.1875,0.1875,0.1875,0.1875,0.1875,0.1875,,,
0.0400359630584717,0,0.1875,0.1875,0.1875,0.1875,0.1875,0.1875,,,
0.0420389175415039,0,0.1875,0.1875,0.1875,0.1875,0.1875,0.1875,,,
0.0440421104431152,0,0.1875,0.1875,0.1875,0.1875,0.1875,0.1875,,,
0.0460419654846191,0,0.1875,0.1875,0.1875,0.1875,0.1875,0.1875,,,
0.0480449199676514,0,0.1875,0.1875,0.1875,0.1875,0.1875,0.1875,,,
0.0500450134277344,0,0.1875,0.1875,0.1875,0.1875,0.1875,0.1875,,,
0.0520479679107666,0,0.1875,0.1875,0.1875,0.1875,0.1875,0.1875,,,
0.0540509223937988,0,0.1875,0.1875,0.1875,0.1875,0.1875,0.1875,,,
0.0560510158538818,0,0.1875,0.1875,0.1875,0.1875,0.1875,0.1875,,,
0.0580539703369141,0,0.1875,0.1875,0.1875,0.1875,0.1875,0.1875,,,
0.0600540637969971,0,0.1875,0.1875,0.1875,0.1875,0.1875,0.1875,,,
0.0620570182800293,0,0.1875,0.1875,0.1875,0.1875,0.1875,0.1875,,,
0.0640599727630615,0,0.1875,0.1875,0.1875,0.1875,0.1875,0.1875,,,
0.0660600662231445,0,0.1875,0.1875,0.1875,0.1875,0.1875,0.1875,,,
0.0680630207061768,0,0.1875,0.1875,0.1875,0.1875,0.1875,0.1875,,,
0.070065975189209,0,0.1875,0.1875,0.1875,0.1875,0.1875,0.1875,,,
0.072066068649292,0,0.1875,0.1875,0.1875,0.1875,0.1875,0.1875,,,
0.0740690231323242,0,0.1875,0.1875,0.1875,0.1875,0.1875,0.1875,,,
0.0760691165924072,0,0.1875,0.1875,0.1875,0.1875,0.1875,0.1875,,,
0.0780720710754395,0,0.1875,0.1875,0.1875,0.1875,0.1875,0.1875,,,
0.0800750255584717,0,0.1875,0.1875,0.1875,0.1875,0.1875,0.1875,,,
0.0820751190185547,0,0.1875,0.1875,0.1875,0.1875,0.1875,0.1875,,,
0.0840780735015869,0,0.1875,0.1875,0.1875,0.1875,0.1875,0.1875,,,
0.0860791206359863,0,0.1875,0.1875,0.1875,0.1875,0.1875,0.1875,,,
0.0880811214447021,0,0.1875,0.1875,0.1875,0.1875,0.1875,0.1875,,,
0.0900840759277344,0,0.1875,0.1875,0.1875,0.1875,0.1875,0.1875,,,
0.0920851230621338,0,0.1875,0.1875,0.1875,0.1875,0.1875,0.1875,,,
0.0940871238708496,0,0.1875,0.1875,0.1875,0.1875,0.1875,0.1875,,,
0.0960879325866699,0,0.1875,0.1875,0.1875,0.1875,0.1875,0.1875,,,
0.0980899333953857,0,0.1875,0.1875,0.1875,0.1875,0.1875,0.1875,,,
0.100093126296997,0,0.1875,0.1875,0.1875,0.1875,0.1875,0.1875,,,
0.102093935012817,0,0.1875,0.1875,0.1875,0.1875,0.1875,0.1875,,,
0.104095935821533,0,0.1875,0.1875,0.1875,0.1875,0.1875,0.1875,,,
0.106096982955933,0,0.1875,0.1875,0.1875,0.1875,0.1875,0.1875,,,
0.108099937438965,0,0.1875,0.1875,0.1875,0.1875,0.1875,0.1875,,,
0.110101938247681,0,0.1875,0.1875,0.1875,0.1875,0.1875,0.1875,,,
0.11210298538208,0,0.1875,0.1875,0.1875,0.1875,0.1875,0.1875,,,
0.114105939865112,0,0.1875,0.1875,0.1875,0.1875,0.1875,0.1875,,,
0.116107940673828,0,0.1875,0.1875,0.1875,0.1875,0.1875,0.1875,,,
0.118108987808228,0,0.1875,0.1875,0.1875,0.1875,0.1875,0.1875,,,
0.12011194229126,0,0.1875,0.1875,0.1875,0.1875,0.1875,0.1875,,,
0.122112035751343,0,0.1875,0.1875,0.1875,0.1875,0.1875,0.1875,,,
0.124114990234375,0,0.1875,0.1875,0.1875,0.1875,0.1875,0.1875,,,
0.126117944717407,0,0.1875,0.1875,0.1875,0.1875,0.1875,0.1875,,,
0.12811803817749,0,0.1875,0.1875,0.1875,0.1875,0.1875,0.1875,,,
0.130120992660522,0,0.1875,0.1875,0.1875,0.1875,0.1875,0.1875,,,
0.132121086120605,0,0.1875,0.1875,0.1875,0.1875,0.1875,0.1875,,,
0.134124040603638,0,0.1875,0.1875,0.1875,0.1875,0.1875,0.1875,,,
0.13612699508667,0,0.1875,0.1875,0.1875,0.1875,0.1875,0.1875,,,
0.138127088546753,0,0.1875,0.1875,0.1875,0.1875,0.1875,0.1875,,,
0.140130043029785,0,0.1875,0.1875,0.1875,0.1875,0.1875,0.1875,,,
0.142130136489868,0,0.1875,0.1875,0.1875,0.1875,0.1875,0.1875,,,
0.1441330909729,0,0.1875,0.1875,0.1875,0.1875,0.1875,0.1875,,,
0.146136045455933,0,0.1875,0.1875,0.1875,0.1875,0.1875,0.1875,,,
0.148136138916016,0,0.1875,0.1875,0.1875,0.1875,0.1875,0.1875,,,
0.150139093399048,0,0.1875,0.1875,0.1875,0.1875,0.1875,0.1875,,,
0.15214204788208,0,0.1875,0.1875,0.1875,0.1875,0.1875,0.1875,,,
0.154142141342163,0,0.1875,0.1875,0.1875,0.1875,0.1875,0.1875,,,
0.156145095825195,0,0.1875,0.1875,0.1875,0.1875,0.1875,0.1875,,,
0.158144950866699,0,0.1875,0.1875,0.1875,0.1875,0.1875,0.1875,,,
0.160147905349731,0,0.1875,0.1875,0.1875,0.1875,0.1875,0.1875,,,
0.162151098251343,0,0.1875,0.1875,0.1875,0.1875,0.1875,0.1875,,,
0.164150953292847,0,0.1875,0.1875,0.1875,0.1875,0.1875,0.1875,,,
0.166153907775879,0,0.1875,0.1875,0.1875,0.1875,0.1875,0.1875,,,
0.16815710067749,0,0.1875,0.1875,0.1875,0.1875,0.1875,0.1875,,,
0.170156955718994,0,0.1875,0.1875,0.1875,0.1875,0.1875,0.1875,,,
0.172159910202026,0,0.1875,0.1875,0.1875,0.1875,0.1875,0.1875,,,
0.174163103103638,0,0.1875,0.1875,0.1875,0.1875,0.1875,0.1875,,,
0.176162958145142,0,0.1875,0.1875,0.1875,0.1875,0.1875,0.1875,,,
0.178165912628174,0,0.1875,0.1875,0.1875,0.1875,0.1875,0.1875,,,
0.180166006088257,0,0.1875,0.1875,0.1875,0.1875,0.1875,0.1875,,,
0.182168960571289,0,0.1875,0.1875,0.1875,0.1875,0.1875,0.1875,,,
0.184171915054321,0,0.1875,0.1875,0.1875,0.1875,0.1875,0.1875,,,
0.186172008514404,0,0.1875,0.1875,0.1875,0.1875,0.1875,0.1875,,,
0.188174962997437,0,0.1875,0.1875,0.1875,0.1875,0.1875,0.1875,,,
0.190176963806152,0,0.1875,0.1875,0.1875,0.1875,0.1875,0.1875,,,
0.192178010940552,0,0.1875,0.1875,0.1875,0.1875,0.1875,0.1875,,,
0.194180011749268,0,0.1875,0.1875,0.1875,0.1875,0.1875,0.1875,,,
0.1961829662323,0,0.1875,0.1875,0.1875,0.1875,0.1875,0.1875,,,
0.198183059692383,0,0.1875,0.1875,0.1875,0.1875,0.1875,0.1875,,,
0.200186014175415,0,0.1875,0.1875,0.1875,0.1875,0.1875,0.1875,,,
0.202188968658447,0,0.1875,0.1875,0.1875,0.1875,0.1875,0.1875,,,
0.204190015792847,0,0.1875,0.1875,0.1875,0.1875,0.1875,0.1875,,,
0.206192016601563,0,0.1875,0.1875,0.1875,0.1875,0.1875,0.1875,,,
0.208194971084595,0,0.1875,0.1875,0.1875,0.1875,0.1875,0.1875,,,
0.210196018218994,0,0.1875,0.1875,0.1875,0.1875,0.1875,0.1875,,,
0.21219801902771,0,0.1875,0.1875,0.1875,0.1875,0.1875,0.1875,,,
0.214199066162109,0,0.1875,0.1875,0.1875,0.1875,0.1875,0.1875,,,
0.216202020645142,0,0.1875,0.1875,0.1875,0.1875,0.1875,0.1875,,,
0.218204021453857,0,0.1875,0.1875,0.1875,0.1875,0.1875,0.1875,,,
0.220205068588257,0,0.1875,0.1875,0.1875,0.1875,0.1875,0.1875,,,
0.222207069396973,0,0.1875,0.1875,0.1875,0.1875,0.1875,0.1875,,,
0.224210023880005,0,0.1875,0.1875,0.1875,0.1875,0.1875,0.1875,,,
0.226210117340088,0,0.1875,0.1875,0.1875,0.1875,0.1875,0.1875,,,
0.22821307182312,0,0.1875,0.1875,0.1875,0.1875,0.1875,0.1875,,,
0.230216026306152,0,0.1875,0.1875,0.1875,0.1875,0.1875,0.1875,,,
0.232216119766235,0,0.1875,0.1875,0.1875,0.1875,0.1875,0.1875,,,
0.234219074249268,0,0.1875,0.1875,0.1875,0.1875,0.1875,0.1875,,,
0.236218929290771,0,0.1875,0.1875,0.1875,0.1875,0.1875,0.1875,,,
0.238222122192383,0,0.1875,0.1875,0.1875,0.1875,0.1875,0.1875,,,
0.240225076675415,0,0.1875,0.1875,0.1875,0.1875,0.1875,0.1875,,,
0.242224931716919,0,0.1875,0.1875,0.1875,0.1875,0.1875,0.1875,,,
0.24422812461853,0,0.1875,0.1875,0.1875,0.1875,0.1875,0.1875,,,
0.246231079101563,0,0.1875,0.1875,0.1875,0.1875,0.1875,0.1875,,,
0.248230934143066,0,0.1875,0.1875,0.1875,0.1875,0.1875,0.1875,,,
0.250234127044678,0,0.1875,0.1875,0.1875,0.1875,0.1875,0.1875,,,
0.25223708152771,0,0.1875,0.1875,0.1875,0.1875,0.1875,0.1875,,,
0.254236936569214,0,0.1875,0.1875,0.1875,0.1875,0.1875,0.1875,,,
0.256240129470825,0,0.1875,0.1875,0.1875,0.1875,0.1875,0.1875,,,
0.258243083953857,0,0.1875,0.1875,0.1875,0.1875,0.1875,0.1875,,,
0.260242938995361,0,0.1875,0.1875,0.1875,0.1875,0.1875,0.1875,,,
0.262246131896973,0,0.1875,0.1875,0.1875,0.1875,0.1875,0.1875,,,
0.264248132705688,0,0.1875,0.1875,0.1875,0.1875,0.1875,0.1875,,,
0.266248941421509,0,0.1875,0.1875,0.1875,0.1875,0.1875,0.1875,,,
0.26825213432312,0,0.1875,0.1875,0.1875,0.1875,0.1875,0.1875,,,
0.270251989364624,0,0.1875,0.1875,0.1875,0.1875,0.1875,0.1875,,,
0.272254943847656,0,0.1875,0.1875,0.1875,0.1875,0.1875,0.1875,,,
0.274258136749268,0,0.1875,0.1875,0.1875,0.1875,0.1875,0.1875,,,
0.276257991790771,0,0.1875,0.1875,0.1875,0.1875,0.1875,0.1875,,,
0.278260946273804,0,0.1875,0.1875,0.1875,0.1875,0.1875,0.1875,,,
0.280261039733887,0,0.1875,0.1875,0.1875,0.1875,0.1875,0.1875,,,
0.282263994216919,0,0.1875,0.1875,0.1875,0.1875,0.1875,0.1875,,,
0.284266948699951,0,0.1875,0.1875,0.1875,0.1875,0.1875,0.1875,,,
0.286267042160034,0,0.1875,0.1875,0.1875,0.1875,0.1875,0.1875,,,
0.288269996643066,0,0.1875,0.1875,0.1875,0.1875,0.1875,0.1875,,,
0.290270090103149,0,0.1875,0.1875,0.1875,0.1875,0.1875,0.1875,,,
0.292273044586182,0,0.1875,0.1875,0.1875,0.1875,0.1875,0.1875,,,
0.294275999069214,0,0.1875,0.1875,0.1875,0.1875,0.1875,0.1875,,,
0.296276092529297,0,0.1875,0.1875,0.1875,0.1875,0.1875,0.1875,,,
0.298279047012329,0,0.1875,0.1875,0.1875,0.1875,0.1875,0.1875,,,
0.300279140472412,0,0.1875,0.1875,0.1875,0.1875,0.1875,0.1875,,,
0.302282094955444,0,0.1875,0.1875,0.1875,0.1875,0.1875,0.1875,,,
0.304285049438477,0,0.1875,0.1875,0.1875,0.1875,0.1875,0.1875,,,
0.30628490447998,0,0.1875,0.1875,0.1875,0.1875,0.1875,0.1875,,,
0.308288097381592,0,0.1875,0.1875,0.1875,0.1875,0.1875,0.1875,,,
0.310290098190308,0,0.1875,0.1875,0.1875,0.1875,0.1875,0.1875,,,
0.312290906906128,0,0.1875,0.1875,0.1875,0.1875,0.1875,0.1875,,,
0.314292907714844,0,0.1875,0.1875,0.1875,0.1875,0.1875,0.1875,,,
0.316296100616455,0,0.1875,0.1875,0.1875,0.1875,0.1875,0.1875,,,
0.318296909332275,0,0.1875,0.1875,0.1875,0.1875,0.1875,0.1875,,,
0.320298910140991,0,0.1875,0.1875,0.1875,0.1875,0.1875,0.1875,,,
0.322299957275391,0,0.1875,0.1875,0.1875,0.1875,0.1875,0.1875,,,
0.324302911758423,0,0.1875,0.1875,0.1875,0.1875,0.1875,0.1875,,,
0.326304912567139,0,0.1875,0.1875,0.1875,0.1875,0.1875,0.1875,,,
0.328305959701538,0,0.1875,0.1875,0.1875,0.1875,0.1875,0.1875,,,
0.33030891418457,0,0.1875,0.1875,0.1875,0.1875,0.1875,0.1875,,,
0.332309007644653,0,0.1875,0.1875,0.1875,0.1875,0.1875,0.1875,,,
0.334311962127686,0,0.1875,0.1875,0.1875,0.1875,0.1875,0.1875,,,
0.336312055587769,0,0.1875,0.1875,0.1875,0.1875,0.1875,0.1875,,,
0.338315010070801,0,0.1875,0.1875,0.1875,0.1875,0.1875,0.1875,,,
0.340317964553833,0,0.1875,0.1875,0.1875,0.1875,0.1875,0.1875,,,
0.342318058013916,0,0.1875,0.1875,0.1875,0.1875,0.1875,0.1875,,,
0.344321012496948,0,0.1875,0.1875,0.1875,0.1875,0.1875,0.1875,,,
0.346323013305664,0,0.1875,0.1875,0.1875,0.1875,0.1875,0.1875,,,
0.348324060440063,0,0.1875,0.1875,0.1875,0.1875,0.1875,0.1875,,,
0.350327014923096,0,0.1875,0.1875,0.1875,0.1875,0.1875,0.1875,,,
0.352329015731812,0,0.1875,0.1875,0.1875,0.1875,0.1875,0.1875,,,
0.354330062866211,0,0.1875,0.1875,0.1875,0.1875,0.1875,0.1875,,,
0.356333017349243,0,0.1875,0.1875,0.1875,0.1875,0.1875,0.1875,,,
0.358333110809326,0,0.1875,0.1875,0.1875,0.1875,0.1875,0.1875,,,
0.360336065292358,0,0.1875,0.1875,0.1875,0.1875,0.1875,0.1875,,,
0.362339019775391,0,0.1875,0.1875,0.1875,0.1875,0.1875,0.1875,,,
0.364339113235474,0,0.1875,0.1875,0.1875,0.1875,0.1875,0.1875,,,
0.366342067718506,0,0.1875,0.1875,0.1875,0.1875,0.1875,0.1875,,,
0.36834192276001,0,0.1875,0.1875,0.1875,0.1875,0.1875,0.1875,,,
0.370345115661621,0,0.1875,0.1875,0.1875,0.1875,0.1875,0.1875,,,
0.372347116470337,0,0.1875,0.1875,0.1875,0.1875,0.1875,0.1875,,,
0.374347925186157,0,0.1875,0.1875,0.1875,0.1875,0.1875,0.1875,,,
0.376349925994873,0,0.1875,0.1875,0.1875,0.1875,0.1875,0.1875,,,
0.378353118896484,0,0.1875,0.1875,0.1875,0.1875,0.1875,0.1875,,,
0.380352973937988,0,0.1875,0.1875,0.1875,0.1875,0.1875,0.1875,,,
0.382355928421021,0,0.1875,0.1875,0.1875,0.1875,0.1875,0.1875,,,
0.38435697555542,0,0.1875,0.1875,0.1875,0.1875,0.1875,0.1875,,,
0.386358976364136,0,0.1875,0.1875,0.1875,0.1875,0.1875,0.1875,,,
0.388361930847168,0,0.1875,0.1875,0.1875,0.1875,0.1875,0.1875,,,
0.390362024307251,0,0.1875,0.1875,0.1875,0.1875,0.1875,0.1875,,,
0.392364978790283,0,0.1875,0.1875,0.1875,0.1875,0.1875,0.1875,,,
0.394367933273315,0,0.1875,0.1875,0.1875,0.1875,0.1875,0.1875,,,
0.396368026733398,0,0.1875,0.1875,0.1875,0.1875,0.1875,0.1875,,,
0.398370981216431,0,0.1875,0.1875,0.1875,0.1875,0.1875,0.1875,,,
0.400371074676514,0,0.1875,0.1875,0.1875,0.1875,0.1875,0.1875,,,
0.402374029159546,0,0.1875,0.1875,0.1875,0.1875,0.1875,0.1875,,,
0.404376983642578,0,0.1875,0.1875,0.1875,0.1875,0.1875,0.1875,,,
0.406377077102661,0,0.1875,0.1875,0.1875,0.1875,0.1875,0.1875,,,
0.408380031585693,0,0.1875,0.1875,0.1875,0.1875,0.1875,0.1875,,,
0.410382986068726,0,0.1875,0.1875,0.1875,0.1875,0.1875,0.1875,,,
0.412383079528809,0,0.1875,0.1875,0.1875,0.1875,0.1875,0.1875,,,
0.414386034011841,0,0.1875,0.1875,0.1875,0.1875,0.1875,0.1875,,,
0.416386127471924,0,0.1875,0.1875,0.1875,0.1875,0.1875,0.1875,,,
0.418389081954956,0,0.1875,0.1875,0.1875,0.1875,0.1875,0.1875,,,
0.420392036437988,0,0.1875,0.1875,0.1875,0.1875,0.1875,0.1875,,,
0.422392129898071,0,0.1875,0.1875,0.1875,0.1875,0.1875,0.1875,,,
0.424395084381104,0,0.1875,0.1875,0.1875,0.1875,0.1875,0.1875,,,
0.426398038864136,0,0.1875,0.1875,0.1875,0.1875,0.1875,0.1875,,,
0.428398132324219,0,0.1875,0.1875,0.1875,0.1875,0.1875,0.1875,,,
0.430401086807251,0,0.1875,0.1875,0.1875,0.1875,0.1875,0.1875,,,
0.432403087615967,0,0.1875,0.1875,0.1875,0.1875,0.1875,0.1875,,,
0.434404134750366,0,0.1875,0.1875,0.1875,0.1875,0.1875,0.1875,,,
0.436407089233398,0,0.1875,0.1875,0.1875,0.1875,0.1875,0.1875,,,
0.438406944274902,0,0.1875,0.1875,0.1875,0.1875,0.1875,0.1875,,,
0.440410137176514,0,0.1875,0.1875,0.1875,0.1875,0.1875,0.1875,,,
0.442413091659546,0,0.1875,0.1875,0.1875,0.1875,0.1875,0.1875,,,
0.44441294670105,0,0.1875,0.1875,0.1875,0.1875,0.1875,0.1875,,,
0.446416139602661,0,0.1875,0.1875,0.1875,0.1875,0.1875,0.1875,,,
0.448415994644165,0,0.1875,0.1875,0.1875,0.1875,0.1875,0.1875,,,
0.450418949127197,0,0.1875,0.1875,0.1875,0.1875,0.1875,0.1875,,,
0.452421903610229,0,0.1875,0.1875,0.1875,0.1875,0.1875,0.1875,,,
0.454421997070313,0,0.1875,0.1875,0.1875,0.1875,0.1875,0.1875,,,
0.456424951553345,0,0.1875,0.1875,0.1875,0.1875,0.1875,0.1875,,,
0.458425045013428,0,0.1875,0.1875,0.1875,0.1875,0.1875,0.1875,,,
0.46042799949646,0,0.1875,0.1875,0.1875,0.1875,0.1875,0.1875,,,
0.462430953979492,0,0.1875,0.1875,0.1875,0.1875,0.1875,0.1875,,,
0.464431047439575,0,0.1875,0.1875,0.1875,0.1875,0.1875,0.1875,,,
0.466434001922607,0,0.1875,0.1875,0.1875,0.1875,0.1875,0.1875,,,
0.46843695640564,0,0.1875,0.1875,0.1875,0.1875,0.1875,0.1875,,,
0.470437049865723,0,0.1875,0.1875,0.1875,0.1875,0.1875,0.1875,,,
0.472440004348755,0,0.1875,0.1875,0.1875,0.1875,0.1875,0.1875,,,
0.47440505027771,0,0.1875,0.1875,0.1875,0.1875,0.1875,0.1875,,,
0.476408004760742,0,0.1875,0.1875,0.1875,0.1875,0.1875,0.1875,,,
0.478410959243774,0,0.1875,0.1875,0.1875,0.1875,0.1875,0.1875,,,
0.480411052703857,0,0.1875,0.1875,0.1875,0.1875,0.1875,0.1875,,,
0.48241400718689,0,0.1875,0.1875,0.1875,0.1875,0.1875,0.1875,,,
0.484416961669922,0,0.1875,0.1875,0.1875,0.1875,0.1875,0.1875,,,
0.486417055130005,0,0.1875,0.1875,0.1875,0.1875,0.1875,0.1875,,,
0.488420009613037,0,0.1875,0.1875,0.1875,0.1875,0.1875,0.1875,,,
0.49042010307312,0,0.1875,0.1875,0.1875,0.1875,0.1875,0.1875,,,
0.492423057556152,0,0.1875,0.1875,0.1875,0.1875,0.1875,0.1875,,,
0.494426012039185,0,0.1875,0.1875,0.1875,0.1875,0.1875,0.1875,,,
0.496426105499268,0,0.1875,0.1875,0.1875,0.1875,0.1875,0.1875,,,
0.4984290599823,0,0.1875,0.1875,0.1875,0.1875,0.1875,0.1875,,,
0.500428915023804,0,0.1875,0.1875,0.1875,0.1875,0.1875,0.1875,,,
0.502432107925415,0,0.1875,0.1875,0.1875,0.1875,0.1875,0.1875,,,
0.504435062408447,0,0.1875,0.1875,0.1875,0.1875,0.1875,0.1875,,,
0.506434917449951,0,0.1875,0.1875,0.1875,0.1875,0.1875,0.1875,,,
0.508438110351563,0,0.1875,0.1875,0.1875,0.1875,0.1875,0.1875,,,
0.510441064834595,0,0.1875,0.1875,0.1875,0.1875,0.1875,0.1875,,,
0.512440919876099,0,0.1875,0.1875,0.1875,0.1875,0.1875,0.1875,,,
0.51444411277771,0,0.1875,0.1875,0.1875,0.1875,0.1875,0.1875,,,
0.51644492149353,0,0.1875,0.1875,0.1875,0.1875,0.1875,0.1875,,,
0.518446922302246,0,0.1875,0.1875,0.1875,0.1875,0.1875,0.1875,,,
0.520447969436646,0,0.1875,0.1875,0.1875,0.1875,0.1875,0.1875,,,
0.522450923919678,0,0.1875,0.1875,0.1875,0.1875,0.1875,0.1875,,,
0.524452924728394,0,0.1875,0.1875,0.1875,0.1875,0.1875,0.1875,,,
0.526453971862793,0,0.1875,0.1875,0.1875,0.1875,0.1875,0.1875,,,
0.528456926345825,0,0.1875,0.1875,0.1875,0.1875,0.1875,0.1875,,,
0.530457019805908,0,0.1875,0.1875,0.1875,0.1875,0.1875,0.1875,,,
0.53245997428894,0,0.1875,0.1875,0.1875,0.1875,0.1875,0.1875,,,
0.534461975097656,0,0.1875,0.1875,0.1875,0.1875,0.1875,0.1875,,,
0.536463022232056,0,0.1875,0.1875,0.1875,0.1875,0.1875,0.1875,,,
0.538465023040771,0,0.1875,0.1875,0.1875,0.1875,0.1875,0.1875,,,
0.540467977523804,0,0.1875,0.1875,0.1875,0.1875,0.1875,0.1875,,,
0.542469024658203,0,0.1875,0.1875,0.1875,0.1875,0.1875,0.1875,,,
0.544471025466919,0,0.1875,0.1875,0.1875,0.1875,0.1875,0.1875,,,
0.546472072601318,0,0.1875,0.1875,0.1875,0.1875,0.1875,0.1875,,,
0.548474073410034,0,0.1875,0.1875,0.1875,0.1875,0.1875,0.1875,,,
0.550477027893066,0,0.1875,0.1875,0.1875,0.1875,0.1875,0.1875,,,
0.552477121353149,0,0.1875,0.1875,0.1875,0.1875,0.1875,0.1875,,,
0.554480075836182,0,0.1875,0.1875,0.1875,0.1875,0.1875,0.1875,,,
0.556483030319214,0,0.1875,0.1875,0.1875,0.1875,0.1875,0.1875,,,
0.558483123779297,0,0.1875,0.1875,0.1875,0.1875,0.1875,0.1875,,,
0.560486078262329,0,0.1875,0.1875,0.1875,0.1875,0.1875,0.1875,,,
0.562487125396729,0,0.1875,0.1875,0.1875,0.1875,0.1875,0.1875,,,
0.564489126205444,0,0.1875,0.1875,0.1875,0.1875,0.1875,0.1875,,,
0.566492080688477,0,0.1875,0.1875,0.1875,0.1875,0.1875,0.1875,,,
0.56849193572998,0,0.1875,0.1875,0.1875,0.1875,0.1875,0.1875,,,
0.570495128631592,0,0.1875,0.1875,0.1875,0.1875,0.1875,0.1875,,,
0.572495937347412,0,0.1875,0.1875,0.1875,0.1875,0.1875,0.1875,,,
0.574497938156128,0,0.1875,0.1875,0.1875,0.1875,0.1875,0.1875,,,
0.576501131057739,0,0.1875,0.1875,0.1875,0.1875,0.1875,0.1875,,,
0.57850193977356,0,0.1875,0.1875,0.1875,0.1875,0.1875,0.1875,,,
0.580505132675171,0,0.1875,0.1875,0.1875,0.1875,0.1875,0.1875,,,
0.582504987716675,0,0.1875,0.1875,0.1875,0.1875,0.1875,0.1875,,,
0.584507942199707,0,0.1875,0.1875,0.1875,0.1875,0.1875,0.1875,,,
0.586511135101318,0,0.1875,0.1875,0.1875,0.1875,0.1875,0.1875,,,
0.588510990142822,0,0.1875,0.1875,0.1875,0.1875,0.1875,0.1875,,,
0.590513944625854,0,0.1875,0.1875,0.1875,0.1875,0.1875,0.1875,,,
0.592514038085938,0,0.1875,0.1875,0.1875,0.1875,0.1875,0.1875,,,
0.59451699256897,0,0.1875,0.1875,0.1875,0.1875,0.1875,0.1875,,,
0.596519947052002,0,0.1875,0.1875,0.1875,0.1875,0.1875,0.1875,,,
0.598520040512085,0,0.1875,0.1875,0.1875,0.1875,0.1875,0.1875,,,
0.600522994995117,0,0.1875,0.1875,0.1875,0.1875,0.1875,0.1875,,,
0.6025230884552,0,0.1875,0.1875,0.1875,0.1875,0.1875,0.1875,,,
0.604526042938232,0,0.1875,0.1875,0.1875,0.1875,0.1875,0.1875,,,
0.606528043746948,0,0.1875,0.1875,0.1875,0.1875,0.1875,0.1875,,,
0.608529090881348,0,0.1875,0.1875,0.1875,0.1875,0.1875,0.1875,,,
0.61053204536438,0,0.1875,0.1875,0.1875,0.1875,0.1875,0.1875,,,
0.612532138824463,0,0.1875,0.1875,0.1875,0.1875,0.1875,0.1875,,,
0.614535093307495,0,0.1875,0.1875,0.1875,0.1875,0.1875,0.1875,,,
0.616538047790527,0,0.1875,0.1875,0.1875,0.1875,0.1875,0.1875,,,
0.61853814125061,0,0.1875,0.1875,0.1875,0.1875,0.1875,0.1875,,,
0.620541095733643,0,0.1875,0.1875,0.1875,0.1875,0.1875,0.1875,,,
0.622540950775146,0,0.1875,0.1875,0.1875,0.1875,0.1875,0.1875,,,
0.624543905258179,0,0.1875,0.1875,0.1875,0.1875,0.1875,0.1875,,,
0.626543998718262,0,0.1875,0.1875,0.1875,0.1875,0.1875,0.1875,,,
0.628546953201294,0,0.1875,0.1875,0.1875,0.1875,0.1875,0.1875,,,
0.630549907684326,0,0.1875,0.1875,0.1875,0.1875,0.1875,0.1875,,,
0.632550001144409,0,0.1875,0.1875,0.1875,0.1875,0.1875,0.1875,,,
0.634552955627441,0,0.1875,0.1875,0.1875,0.1875,0.1875,0.1875,,,
0.636553049087524,0,0.1875,0.1875,0.1875,0.1875,0.1875,0.1875,,,
0.638556003570557,0,0.1875,0.1875,0.1875,0.1875,0.1875,0.1875,,,
0.640558958053589,0,0.1875,0.1875,0.1875,0.1875,0.1875,0.1875,,,
0.642559051513672,0,0.1875,0.1875,0.1875,0.1875,0.1875,0.1875,,,
0.644562005996704,0,0.1875,0.1875,0.1875,0.1875,0.1875,0.1875,,,
0.646562099456787,0,0.1875,0.1875,0.1875,0.1875,0.1875,0.1875,,,
0.648565053939819,0,0.1875,0.1875,0.1875,0.1875,0.1875,0.1875,,,
0.650568008422852,0,0.1875,0.1875,0.1875,0.1875,0.1875,0.1875,,,
0.652568101882935,0,0.1875,0.1875,0.1875,0.1875,0.1875,0.1875,,,
0.654571056365967,0,0.1875,0.1875,0.1875,0.1875,0.1875,0.1875,,,
0.656570911407471,0,0.1875,0.1875,0.1875,0.1875,0.1875,0.1875,,,
0.658574104309082,0,0.1875,0.1875,0.1875,0.1875,0.1875,0.1875,,,
0.660577058792114,0,0.1875,0.1875,0.1875,0.1875,0.1875,0.1875,,,
0.662576913833618,0,0.1875,0.1875,0.1875,0.1875,0.1875,0.1875,,,
0.664580106735229,0,0.1875,0.1875,0.1875,0.1875,0.1875,0.1875,,,
0.666579961776733,0,0.1875,0.1875,0.1875,0.1875,0.1875,0.1875,,,
0.668582916259766,0,0.1875,0.1875,0.1875,0.1875,0.1875,0.1875,,,
0.670583009719849,0,0.1875,0.1875,0.1875,0.1875,0.1875,0.1875,,,
0.672585964202881,0,0.1875,0.1875,0.1875,0.1875,0.1875,0.1875,,,
0.674586057662964,0,0.1875,0.1875,0.1875,0.1875,0.1875,0.1875,,,
0.676589012145996,0,0.1875,0.1875,0.1875,0.1875,0.1875,0.1875,,,
0.678591966629028,0,0.1875,0.1875,0.1875,0.1875,0.1875,0.1875,,,
0.680592060089111,0,0.1875,0.1875,0.1875,0.1875,0.1875,0.1875,,,
0.682595014572144,0,0.1875,0.1875,0.1875,0.1875,0.1875,0.1875,,,
0.684595108032227,0,0.1875,0.1875,0.1875,0.1875,0.1875,0.1875,,,
0.686598062515259,0,0.1875,0.1875,0.1875,0.1875,0.1875,0.1875,,,
0.688597917556763,0,0.1875,0.1875,0.1875,0.1875,0.1875,0.1875,,,
0.690601110458374,0,0.1875,0.1875,0.1875,0.1875,0.1875,0.1875,,,
0.692604064941406,0,0.1875,0.1875,0.1875,0.1875,0.1875,0.1875,,,
0.694605112075806,0,0.1875,0.1875,0.1875,0.1875,0.1875,0.1875,,,
0.696607112884521,0,0.1875,0.1875,0.1875,0.1875,0.1875,0.1875,,,
0.698607921600342,0,0.1875,0.1875,0.1875,0.1875,0.1875,0.1875,,,
0.700609922409058,0,0.1875,0.1875,0.1875,0.1875,0.1875,0.1875,,,
0.702610969543457,0,0.1875,0.1875,0.1875,0.1875,0.1875,0.1875,,,
0.704612970352173,0,0.1875,0.1875,0.1875,0.1875,0.1875,0.1875,,,
0.706615924835205,0,0.1875,0.1875,0.1875,0.1875,0.1875,0.1875,,,
0.708616971969604,0,0.1875,0.1875,0.1875,0.1875,0.1875,0.1875,,,
0.710619926452637,0,0.1875,0.1875,0.1875,0.1875,0.1875,0.1875,,,
0.71262001991272,0,0.1875,0.1875,0.1875,0.1875,0.1875,0.1875,,,
0.714622974395752,0,0.1875,0.1875,0.1875,0.1875,0.1875,0.1875,,,
0.716623067855835,0,0.1875,0.1875,0.1875,0.1875,0.1875,0.1875,,,
0.718626022338867,0,0.1875,0.1875,0.1875,0.1875,0.1875,0.1875,,,
0.720628976821899,0,0.1875,0.1875,0.1875,0.1875,0.1875,0.1875,,,
0.722629070281982,0,0.1875,0.1875,0.1875,0.1875,0.1875,0.1875,,,
0.724632024765015,0,0.1875,0.1875,0.1875,0.1875,0.1875,0.1875,,,
0.726632118225098,0,0.1875,0.1875,0.1875,0.1875,0.1875,0.1875,,,
0.72863507270813,0,0.1875,0.1875,0.1875,0.1875,0.1875,0.1875,,,
0.730634927749634,0,0.1875,0.1875,0.1875,0.1875,0.1875,0.1875,,,
0.732638120651245,0,0.1875,0.1875,0.1875,0.1875,0.1875,0.1875,,,
0.734637975692749,0,0.1875,0.1875,0.1875,0.1875,0.1875,0.1875,,,
0.736640930175781,0,0.1875,0.1875,0.1875,0.1875,0.1875,0.1875,,,
0.738644123077393,0,0.1875,0.1875,0.1875,0.1875,0.1875,0.1875,,,
0.740643978118896,0,0.1875,0.1875,0.1875,0.1875,0.1875,0.1875,,,
0.742646932601929,0,0.1875,0.1875,0.1875,0.1875,0.1875,0.1875,,,
0.744647026062012,0,0.1875,0.1875,0.1875,0.1875,0.1875,0.1875,,,
0.746649980545044,0,0.1875,0.1875,0.1875,0.1875,0.1875,0.1875,,,
0.748652935028076,0,0.1875,0.1875,0.1875,0.1875,0.1875,0.1875,,,
0.750653028488159,0,0.1875,0.1875,0.1875,0.1875,0.1875,0.1875,,,
0.752655982971191,0,0.1875,0.1875,0.1875,0.1875,0.1875,0.1875,,,
0.754656076431274,0,0.1875,0.1875,0.1875,0.1875,0.1875,0.1875,,,
0.756659030914307,0,0.1875,0.1875,0.1875,0.1875,0.1875,0.1875,,,
0.758661985397339,0,0.1875,0.1875,0.1875,0.1875,0.1875,0.1875,,,
0.760663032531738,0,0.1875,0.1875,0.1875,0.1875,0.1875,0.1875,,,
0.762665033340454,0,0.1875,0.1875,0.1875,0.1875,0.1875,0.1875,,,
0.764666080474854,0,0.1875,0.1875,0.1875,0.1875,0.1875,0.1875,,,
0.766669034957886,0,0.1875,0.1875,0.1875,0.1875,0.1875,0.1875,,,
0.768669128417969,0,0.1875,0.1875,0.1875,0.1875,0.1875,0.1875,,,
0.770672082901001,0,0.1875,0.1875,0.1875,0.1875,0.1875,0.1875,,,
0.772675037384033,0,0.1875,0.1875,0.1875,0.1875,0.1875,0.1875,,,
0.774675130844116,0,0.1875,0.1875,0.1875,0.1875,0.1875,0.1875,,,
0.776678085327148,0,0.1875,0.1875,0.1875,0.1875,0.1875,0.1875,,,
0.778677940368652,0,0.1875,0.1875,0.1875,0.1875,0.1875,0.1875,,,
0.780681133270264,0,0.1875,0.1875,0.1875,0.1875,0.1875,0.1875,,,
0.782680988311768,0,0.1875,0.1875,0.1875,0.1875,0.1875,0.1875,,,
0.7846839427948,0,0.1875,0.1875,0.1875,0.1875,0.1875,0.1875,,,
0.786687135696411,0,0.1875,0.1875,0.1875,0.1875,0.1875,0.1875,,,
0.788686990737915,0,0.1875,0.1875,0.1875,0.1875,0.1875,0.1875,,,
0.790689945220947,0,0.1875,0.1875,0.1875,0.1875,0.1875,0.1875,,,
0.79269003868103,0,0.1875,0.1875,0.1875,0.1875,0.1875,0.1875,,,
0.794692993164063,0,0.1875,0.1875,0.1875,0.1875,0.1875,0.1875,,,
0.796695947647095,0,0.1875,0.1875,0.1875,0.1875,0.1875,0.1875,,,
0.798696041107178,0,0.1875,0.1875,0.1875,0.1875,0.1875,0.1875,,,
0.80069899559021,0,0.1875,0.1875,0.1875,0.1875,0.1875,0.1875,,,
0.802699089050293,0,0.1875,0.1875,0.1875,0.1875,0.1875,0.1875,,,
0.804702043533325,0,0.1875,0.1875,0.1875,0.1875,0.1875,0.1875,,,
0.806704998016357,0,0.1875,0.1875,0.1875,0.1875,0.1875,0.1875,,,
0.80870509147644,0,0.1875,0.1875,0.1875,0.1875,0.1875,0.1875,,,
0.810708045959473,0,0.1875,0.1875,0.1875,0.1875,0.1875,0.1875,,,
0.812708139419556,0,0.1875,0.1875,0.1875,0.1875,0.1875,0.1875,,,
0.814711093902588,0,0.1875,0.1875,0.1875,0.1875,0.1875,0.1875,,,
0.816710948944092,0,0.1875,0.1875,0.1875,0.1875,0.1875,0.1875,,,
0.818713903427124,0,0.1875,0.1875,0.1875,0.1875,0.1875,0.1875,,,
0.820717096328735,0,0.1875,0.1875,0.1875,0.1875,0.1875,0.1875,,,
0.822716951370239,0,0.1875,0.1875,0.1875,0.1875,0.1875,0.1875,,,
0.824719905853271,0,0.1875,0.1875,0.1875,0.1875,0.1875,0.1875,,,
0.826723098754883,0,0.1875,0.1875,0.1875,0.1875,0.1875,0.1875,,,
0.828722953796387,0,0.1875,0.1875,0.1875,0.1875,0.1875,0.1875,,,
0.830725908279419,0,0.1875,0.1875,0.1875,0.1875,0.1875,0.1875,,,
0.832726001739502,0,0.1875,0.1875,0.1875,0.1875,0.1875,0.1875,,,
0.834728956222534,0,0.1875,0.1875,0.1875,0.1875,0.1875,0.1875,,,
0.836729049682617,0,0.1875,0.1875,0.1875,0.1875,0.1875,0.1875,,,
0.838732004165649,0,0.1875,0.1875,0.1875,0.1875,0.1875,0.1875,,,
0.840734958648682,0,0.1875,0.1875,0.1875,0.1875,0.1875,0.1875,,,
0.842735052108765,0,0.1875,0.1875,0.1875,0.1875,0.1875,0.1875,,,
0.844738006591797,0,0.1875,0.1875,0.1875,0.1875,0.1875,0.1875,,,
0.846739053726196,0,0.1875,0.1875,0.1875,0.1875,0.1875,0.1875,,,
0.848741054534912,0,0.1875,0.1875,0.1875,0.1875,0.1875,0.1875,,,
0.850744009017944,0,0.1875,0.1875,0.1875,0.1875,0.1875,0.1875,,,
0.852744102478027,0,0.1875,0.1875,0.1875,0.1875,0.1875,0.1875,,,
0.85474705696106,0,0.1875,0.1875,0.1875,0.1875,0.1875,0.1875,,,
0.856750011444092,0,0.1875,0.1875,0.1875,0.1875,0.1875,0.1875,,,
0.858750104904175,0,0.1875,0.1875,0.1875,0.1875,0.1875,0.1875,,,
0.860753059387207,0,0.1875,0.1875,0.1875,0.1875,0.1875,0.1875,,,
0.862752914428711,0,0.1875,0.1875,0.1875,0.1875,0.1875,0.1875,,,
0.864756107330322,0,0.1875,0.1875,0.1875,0.1875,0.1875,0.1875,,,
0.866759061813354,0,0.1875,0.1875,0.1875,0.1875,0.1875,0.1875,,,
0.868758916854858,0,0.1875,0.1875,0.1875,0.1875,0.1875,0.1875,,,
0.87076210975647,0,0.1875,0.1875,0.1875,0.1875,0.1875,0.1875,,,
0.872765064239502,0,0.1875,0.1875,0.1875,0.1875,0.1875,0.1875,,,
0.874764919281006,0,0.1875,0.1875,0.1875,0.1875,0.1875,0.1875,,,
0.876768112182617,0,0.1875,0.1875,0.1875,0.1875,0.1875,0.1875,,,
0.878767967224121,0,0.1875,0.1875,0.1875,0.1875,0.1875,0.1875,,,
0.880770921707153,0,0.1875,0.1875,0.1875,0.1875,0.1875,0.1875,,,
0.882772922515869,0,0.1875,0.1875,0.1875,0.1875,0.1875,0.1875,,,
0.884773969650269,0,0.1875,0.1875,0.1875,0.1875,0.1875,0.1875,,,
0.886776924133301,0,0.1875,0.1875,0.1875,0.1875,0.1875,0.1875,,,
0.888778924942017,0,0.1875,0.1875,0.1875,0.1875,0.1875,0.1875,,,
0.890779972076416,0,0.1875,0.1875,0.1875,0.1875,0.1875,0.1875,,,
0.892781972885132,0,0.1875,0.1875,0.1875,0.1875,0.1875,0.1875,,,
0.894783020019531,0,0.1875,0.1875,0.1875,0.1875,0.1875,0.1875,,,
0.896785974502563,0,0.1875,0.1875,0.1875,0.1875,0.1875,0.1875,,,
0.898786067962646,0,0.1875,0.1875,0.1875,0.1875,0.1875,0.1875,,,
0.900789022445679,0,0.1875,0.1875,0.1875,0.1875,0.1875,0.1875,,,
0.902789115905762,0,0.1875,0.1875,0.1875,0.1875,0.1875,0.1875,,,
0.904792070388794,0,0.1875,0.1875,0.1875,0.1875,0.1875,0.1875,,,
0.906795024871826,0,0.1875,0.1875,0.1875,0.1875,0.1875,0.1875,,,
0.908796072006226,0,0.1875,0.1875,0.1875,0.1875,0.1875,0.1875,,,
0.910798072814941,0,0.1875,0.1875,0.1875,0.1875,0.1875,0.1875,,,
0.912799119949341,0,0.1875,0.1875,0.1875,0.1875,0.1875,0.1875,,,
0.914802074432373,0,0.1875,0.1875,0.1875,0.1875,0.1875,0.1875,,,
0.916801929473877,0,0.1875,0.1875,0.1875,0.1875,0.1875,0.1875,,,
0.918805122375488,0,0.1875,0.1875,0.1875,0.1875,0.1875,0.1875,,,
0.920808076858521,0,0.1875,0.1875,0.1875,0.1875,0.1875,0.1875,,,
0.92280912399292,0,0.1875,0.1875,0.1875,0.1875,0.1875,0.1875,,,
0.924812078475952,0,0.1875,0.1875,0.1875,0.1875,0.1875,0.1875,,,
0.926811933517456,0,0.1875,0.1875,0.1875,0.1875,0.1875,0.1875,,,
0.928815126419067,0,0.1875,0.1875,0.1875,0.1875,0.1875,0.1875,,,
0.930814981460571,0,0.1875,0.1875,0.1875,0.1875,0.1875,0.1875,,,
0.932817935943604,0,0.1875,0.1875,0.1875,0.1875,0.1875,0.1875,,,
0.934818983078003,0,0.1875,0.1875,0.1875,0.1875,0.1875,0.1875,,,
0.936821937561035,0,0.1875,0.1875,0.1875,0.1875,0.1875,0.1875,,,
0.938825130462646,0,0.1875,0.1875,0.1875,0.1875,0.1875,0.1875,,,
0.94082498550415,0,0.1875,0.1875,0.1875,0.1875,0.1875,0.1875,,,
0.942827939987183,0,0.1875,0.1875,0.1875,0.1875,0.1875,0.1875,,,
0.944828033447266,0,0.1875,0.1875,0.1875,0.1875,0.1875,0.1875,,,
0.946830987930298,0,0.1875,0.1875,0.1875,0.1875,0.1875,0.1875,,,
0.948831081390381,0,0.1875,0.1875,0.1875,0.1875,0.1875,0.1875,,,
0.950834035873413,0,0.1875,0.1875,0.1875,0.1875,0.1875,0.1875,,,
0.952836036682129,0,0.1875,0.1875,0.1875,0.1875,0.1875,0.1875,,,
0.954838991165161,0,0.1875,0.1875,0.1875,0.1875,0.1875,0.1875,,,
0.956839084625244,0,0.1875,0.1875,0.1875,0.1875,0.1875,0.1875,,,
0.958842039108276,0,0.1875,0.1875,0.1875,0.1875,0.1875,0.1875,,,
0.960844039916992,0,0.1875,0.1875,0.1875,0.1875,0.1875,0.1875,,,
0.962844133377075,0,0.1875,0.1875,0.1875,0.1875,0.1875,0.1875,,,
0.964847087860107,0,0.1875,0.1875,0.1875,0.1875,0.1875,0.1875,,,
0.966848134994507,0,0.1875,0.1875,0.1875,0.1875,0.1875,0.1875,,,
0.968850135803223,0,0.1875,0.1875,0.1875,0.1875,0.1875,0.1875,,,
0.970811128616333,0,0.1875,0.1875,0.1875,0.1875,0.1875,0.1875,,,
0.972810983657837,0,0.1875,0.1875,0.1875,0.1875,0.1875,0.1875,,,
0.974813938140869,0,0.1875,0.1875,0.1875,0.1875,0.1875,0.1875,,,
0.976815938949585,0,0.1875,0.1875,0.1875,0.1875,0.1875,0.1875,,,
0.978819131851196,0,0.1875,0.1875,0.1875,0.1875,0.1875,0.1875,,,
0.9808189868927,0,0.1875,0.1875,0.1875,0.1875,0.1875,0.1875,,,
0.982821941375732,0,0.1875,0.1875,0.1875,0.1875,0.1875,0.1875,,,
0.984825134277344,0,0.1875,0.1875,0.1875,0.1875,0.1875,0.1875,,,
0.986824989318848,0,0.1875,0.1875,0.1875,0.1875,0.1875,0.1875,,,
0.98882794380188,0,0.1875,0.1875,0.1875,0.1875,0.1875,0.1875,,,
0.990828037261963,0,0.1875,0.1875,0.1875,0.1875,0.1875,0.1875,,,
0.992830038070679,0,0.1875,0.1875,0.1875,0.1875,0.1875,0.1875,,,
0.994832992553711,0,0.1875,0.1875,0.1875,0.1875,0.1875,0.1875,,,
0.996835947036743,0,0.1875,0.1875,0.1875,0.1875,0.1875,0.1875,,,
0.998836040496826,0,0.1875,0.1875,0.1875,0.1875,0.1875,0.1875,,,
1.00083899497986,0,0.1875,0.1875,0.1875,0.1875,0.1875,0.1875,,,
1.00283908843994,0,0.1875,0.1875,0.1875,0.1875,0.1875,0.1875,,,
1.00484108924866,0,0.1875,0.1875,0.1875,0.1875,0.1875,0.1875,,,
1.00684404373169,0,0.1875,0.1875,0.1875,0.1875,0.1875,0.1875,,,
1.00884413719177,0,0.1875,0.1875,0.1875,0.1875,0.1875,0.1875,,,
1.0108470916748,0,0.1875,0.1875,0.1875,0.1875,0.1875,0.1875,,,
1.01285004615784,0,0.1875,0.1875,0.1875,0.1875,0.1875,0.1875,,,
1.01485013961792,0,0.1875,0.1875,0.1875,0.1875,0.1875,0.1875,,,
1.01685309410095,0,0.1875,0.1875,0.1875,0.1875,0.1875,0.1875,,,
1.01885509490967,0,0.1875,0.1875,0.1875,0.1875,0.1875,0.1875,,,
1.02085590362549,0,0.1875,0.1875,0.1875,0.1875,0.1875,0.1875,,,
1.0228579044342,0,0.1875,0.1875,0.1875,0.1875,0.1875,0.1875,,,
1.02486109733582,0,0.1875,0.1875,0.1875,0.1875,0.1875,0.1875,,,
1.02686309814453,0,0.1875,0.1875,0.1875,0.1875,0.1875,0.1875,,,
1.02886390686035,0,0.1875,0.1875,0.1875,0.1875,0.1875,0.1875,,,
1.03086590766907,0,0.1875,0.1875,0.1875,0.1875,0.1875,0.1875,,,
1.03286910057068,0,0.1875,0.1875,0.1875,0.1875,0.1875,0.1875,,,
1.0348699092865,0,0.1875,0.1875,0.1875,0.1875,0.1875,0.1875,,,
1.03687691688538,0,0.1875,0.1875,0.1875,0.1875,0.1875,0.1875,,,
1.03887796401978,0,0.1875,0.1875,0.1875,0.1875,0.1875,0.1875,,,
1.04087996482849,0,0.1875,0.1875,0.1875,0.1875,0.1875,0.1875,,,
1.04288101196289,0,0.1875,0.1875,0.1875,0.1875,0.1875,0.1875,,,
1.04488110542297,0,0.1875,0.1875,0.1875,0.1875,0.1875,0.1875,,,
1.04688096046448,0,0.1875,0.1875,0.1875,0.1875,0.1875,0.1875,,,
1.04888200759888,0,0.1875,0.1875,0.1875,0.1875,0.1875,0.1875,,,
1.05088400840759,0,0.1875,0.1875,0.1875,0.1875,0.1875,0.1875,,,
1.05288696289063,0,0.1875,0.1875,0.1875,0.1875,0.1875,0.1875,,,
1.05488801002502,0,0.1875,0.1875,0.1875,0.1875,0.1875,0.1875,,,
1.05689001083374,0,0.1875,0.1875,0.1875,0.1875,0.1875,0.1875,,,
1.05889105796814,0,0.1875,0.1875,0.1875,0.1875,0.1875,0.1875,,,
1.06089401245117,0,0.1875,0.1875,0.1875,0.1875,0.1875,0.1875,,,
1.06289601325989,0,0.1875,0.1875,0.1875,0.1875,0.1875,0.1875,,,
1.06489706039429,0,0.1875,0.1875,0.1875,0.1875,0.1875,0.1875,,,
1.06690001487732,0,0.1875,0.1875,0.1875,0.1875,0.1875,0.1875,,,
1.0689001083374,0,0.1875,0.1875,0.1875,0.1875,0.1875,0.1875,,,
1.07090306282043,0,0.1875,0.1875,0.1875,0.1875,0.1875,0.1875,,,
1.07290506362915,0,0.1875,0.1875,0.1875,0.1875,0.1875,0.1875,,,
1.07490611076355,0,0.1875,0.1875,0.1875,0.1875,0.1875,0.1875,,,
1.07690906524658,0,0.1875,0.1875,0.1875,0.1875,0.1875,0.1875,,,
1.07890892028809,0,0.1875,0.1875,0.1875,0.1875,0.1875,0.1875,,,
1.0809121131897,0,0.1875,0.1875,0.1875,0.1875,0.1875,0.1875,,,
1.08291506767273,0,0.1875,0.1875,0.1875,0.1875,0.1875,0.1875,,,
1.08491492271423,0,0.1875,0.1875,0.1875,0.1875,0.1875,0.1875,,,
1.08691811561584,0,0.1875,0.1875,0.1875,0.1875,0.1875,0.1875,,,
1.08891797065735,0,0.1875,0.1875,0.1875,0.1875,0.1875,0.1875,,,
1.09092092514038,0,0.1875,0.1875,0.1875,0.1875,0.1875,0.1875,,,
1.09292411804199,0,0.1875,0.1875,0.1875,0.1875,0.1875,0.1875,,,
1.0949239730835,0,0.1875,0.1875,0.1875,0.1875,0.1875,0.1875,,,
1.09692692756653,0,0.1875,0.1875,0.1875,0.1875,0.1875,0.1875,,,
1.09892702102661,0,0.1875,0.1875,0.1875,0.1875,0.1875,0.1875,,,
1.10092997550964,0,0.1875,0.1875,0.1875,0.1875,0.1875,0.1875,,,
1.10293102264404,0,0.1875,0.1875,0.1875,0.1875,0.1875,0.1875,,,
1.10493397712708,0,0.1875,0.1875,0.1875,0.1875,0.1875,0.1875,,,
1.10693407058716,0,0.1875,0.1875,0.1875,0.1875,0.1875,0.1875,,,
1.10893702507019,0,0.1875,0.1875,0.1875,0.1875,0.1875,0.1875,,,
1.11093997955322,0,0.1875,0.1875,0.1875,0.1875,0.1875,0.1875,,,
1.11294007301331,0,0.1875,0.1875,0.1875,0.1875,0.1875,0.1875,,,
1.11494302749634,0,0.1875,0.1875,0.1875,0.1875,0.1875,0.1875,,,
1.11694312095642,0,0.1875,0.1875,0.1875,0.1875,0.1875,0.1875,,,
1.11894607543945,0,0.1875,0.1875,0.1875,0.1875,0.1875,0.1875,,,
1.12094593048096,0,0.1875,0.1875,0.1875,0.1875,0.1875,0.1875,,,
1.12294912338257,0,0.1875,0.1875,0.1875,0.1875,0.1875,0.1875,,,
1.1249520778656,0,0.1875,0.1875,0.1875,0.1875,0.1875,0.1875,,,
1.1269519329071,0,0.1875,0.1875,0.1875,0.1875,0.1875,0.1875,,,
1.12895512580872,0,0.1875,0.1875,0.1875,0.1875,0.1875,0.1875,,,
1.13095498085022,0,0.1875,0.1875,0.1875,0.1875,0.1875,0.1875,,,
1.13295793533325,0,0.1875,0.1875,0.1875,0.1875,0.1875,0.1875,,,
1.13495802879334,0,0.1875,0.1875,0.1875,0.1875,0.1875,0.1875,,,
1.13696098327637,0,0.1875,0.1875,0.1875,0.1875,0.1875,0.1875,,,
1.1389639377594,0,0.1875,0.1875,0.1875,0.1875,0.1875,0.1875,,,
1.14096403121948,0,0.1875,0.1875,0.1875,0.1875,0.1875,0.1875,,,
1.14296698570251,0,0.1875,0.1875,0.1875,0.1875,0.1875,0.1875,,,
1.14496803283691,0,0.1875,0.1875,0.1875,0.1875,0.1875,0.1875,,,
1.14697003364563,0,0.1875,0.1875,0.1875,0.1875,0.1875,0.1875,,,
1.14897298812866,0,0.1875,0.1875,0.1875,0.1875,0.1875,0.1875,,,
1.15097403526306,0,0.1875,0.1875,0.1875,0.1875,0.1875,0.1875,,,
1.15297698974609,0,0.1875,0.1875,0.1875,0.1875,0.1875,0.1875,,,
1.15497708320618,0,0.1875,0.1875,0.1875,0.1875,0.1875,0.1875,,,
1.15698003768921,0,0.1875,0.1875,0.1875,0.1875,0.1875,0.1875,,,
1.15898203849792,0,0.1875,0.1875,0.1875,0.1875,0.1875,0.1875,,,
1.16098308563232,0,0.1875,0.1875,0.1875,0.1875,0.1875,0.1875,,,
1.16298508644104,0,0.1875,0.1875,0.1875,0.1875,0.1875,0.1875,,,
1.16498613357544,0,0.1875,0.1875,0.1875,0.1875,0.1875,0.1875,,,
1.16698813438416,0,0.1875,0.1875,0.1875,0.1875,0.1875,0.1875,,,
1.16899108886719,0,0.1875,0.1875,0.1875,0.1875,0.1875,0.1875,,,
1.17099213600159,0,0.1875,0.1875,0.1875,0.1875,0.1875,0.1875,,,
1.1729941368103,0,0.1875,0.1875,0.1875,0.1875,0.1875,0.1875,,,
1.17499494552612,0,0.1875,0.1875,0.1875,0.1875,0.1875,0.1875,,,
1.17699813842773,0,0.1875,0.1875,0.1875,0.1875,0.1875,0.1875,,,
1.17900109291077,0,0.1875,0.1875,0.1875,0.1875,0.1875,0.1875,,,
1.18100094795227,0,0.1875,0.1875,0.1875,0.1875,0.1875,0.1875,,,
1.18300414085388,0,0.1875,0.1875,0.1875,0.1875,0.1875,0.1875,,,
1.18500399589539,0,0.1875,0.1875,0.1875,0.1875,0.1875,0.1875,,,
1.18700695037842,0,0.1875,0.1875,0.1875,0.1875,0.1875,0.1875,,,
1.18900990486145,0,0.1875,0.1875,0.1875,0.1875,0.1875,0.1875,,,
1.19100999832153,0,0.1875,0.1875,0.1875,0.1875,0.1875,0.1875,,,
1.19301295280457,0,0.1875,0.1875,0.1875,0.1875,0.1875,0.1875,,,
1.19501304626465,0,0.1875,0.1875,0.1875,0.1875,0.1875,0.1875,,,
1.19701600074768,0,0.1875,0.1875,0.1875,0.1875,0.1875,0.1875,,,
1.19901895523071,0,0.1875,0.1875,0.1875,0.1875,0.1875,0.1875,,,
1.2010190486908,0,0.1875,0.1875,0.1875,0.1875,0.1875,0.1875,,,
1.20302200317383,0,0.1875,0.1875,0.1875,0.1875,0.1875,0.1875,,,
1.20502209663391,0,0.1875,0.1875,0.1875,0.1875,0.1875,0.1875,,,
1.20702505111694,0,0.1875,0.1875,0.1875,0.1875,0.1875,0.1875,,,
1.20902800559998,0,0.1875,0.1875,0.1875,0.1875,0.1875,0.1875,,,
1.21102809906006,0,0.1875,0.1875,0.1875,0.1875,0.1875,0.1875,,,
1.21303105354309,0,0.1875,0.1875,0.1875,0.1875,0.1875,0.1875,,,
1.21503090858459,0,0.1875,0.1875,0.1875,0.1875,0.1875,0.1875,,,
1.21703410148621,0,0.1875,0.1875,0.1875,0.1875,0.1875,0.1875,,,
1.21903705596924,0,0.1875,0.1875,0.1875,0.1875,0.1875,0.1875,,,
1.22103810310364,0,0.1875,0.1875,0.1875,0.1875,0.1875,0.1875,,,
1.22304010391235,0,0.1875,0.1875,0.1875,0.1875,0.1875,0.1875,,,
1.22504091262817,0,0.1875,0.1875,0.1875,0.1875,0.1875,0.1875,,,
1.22704410552979,0,0.1875,0.1875,0.1875,0.1875,0.1875,0.1875,,,
1.22904396057129,0,0.1875,0.1875,0.1875,0.1875,0.1875,0.1875,,,
1.23104691505432,0,0.1875,0.1875,0.1875,0.1875,0.1875,0.1875,,,
1.23305010795593,0,0.1875,0.1875,0.1875,0.1875,0.1875,0.1875,,,
1.23504996299744,0,0.1875,0.1875,0.1875,0.1875,0.1875,0.1875,,,
1.23705291748047,0,0.1875,0.1875,0.1875,0.1875,0.1875,0.1875,,,
1.23905301094055,0,0.1875,0.1875,0.1875,0.1875,0.1875,0.1875,,,
1.24105596542358,0,0.1875,0.1875,0.1875,0.1875,0.1875,0.1875,,,
1.24305891990662,0,0.1875,0.1875,0.1875,0.1875,0.1875,0.1875,,,
1.2450590133667,0,0.1875,0.1875,0.1875,0.1875,0.1875,0.1875,,,
1.24706196784973,0,0.1875,0.1875,0.1875,0.1875,0.1875,0.1875,,,
1.24906301498413,0,0.1875,0.1875,0.1875,0.1875,0.1875,0.1875,,,
1.25106501579285,0,0.1875,0.1875,0.1875,0.1875,0.1875,0.1875,,,
1.25306797027588,0,0.1875,0.1875,0.1875,0.1875,0.1875,0.1875,,,
1.25506806373596,0,0.1875,0.1875,0.1875,0.1875,0.1875,0.1875,,,
1.25707101821899,0,0.1875,0.1875,0.1875,0.1875,0.1875,0.1875,,,
1.25907111167908,0,0.1875,0.1875,0.1875,0.1875,0.1875,0.1875,,,
1.26107406616211,0,0.1875,0.1875,0.1875,0.1875,0.1875,0.1875,,,
1.26307511329651,0,0.1875,0.1875,0.1875,0.1875,0.1875,0.1875,,,
1.26507806777954,0,0.1875,0.1875,0.1875,0.1875,0.1875,0.1875,,,
1.26708006858826,0,0.1875,0.1875,0.1875,0.1875,0.1875,0.1875,,,
1.26908111572266,0,0.1875,0.1875,0.1875,0.1875,0.1875,0.1875,,,
1.27108311653137,0,0.1875,0.1875,0.1875,0.1875,0.1875,0.1875,,,
1.27308392524719,0,0.1875,0.1875,0.1875,0.1875,0.1875,0.1875,,,
1.2750871181488,0,0.1875,0.1875,0.1875,0.1875,0.1875,0.1875,,,
1.27709007263184,0,0.1875,0.1875,0.1875,0.1875,0.1875,0.1875,,,
1.27908992767334,0,0.1875,0.1875,0.1875,0.1875,0.1875,0.1875,,,
1.28109312057495,0,0.1875,0.1875,0.1875,0.1875,0.1875,0.1875,,,
1.28309297561646,0,0.1875,0.1875,0.1875,0.1875,0.1875,0.1875,,,
1.28509593009949,0,0.1875,0.1875,0.1875,0.1875,0.1875,0.1875,,,
1.2870991230011,0,0.1875,0.1875,0.1875,0.1875,0.1875,0.1875,,,
1.2890989780426,0,0.1875,0.1875,0.1875,0.1875,0.1875,0.1875,,,
1.29110193252563,0,0.1875,0.1875,0.1875,0.1875,0.1875,0.1875,,,
1.29310512542725,0,0.1875,0.1875,0.1875,0.1875,0.1875,0.1875,,,
1.29510498046875,0,0.1875,0.1875,0.1875,0.1875,0.1875,0.1875,,,
1.29710793495178,0,0.1875,0.1875,0.1875,0.1875,0.1875,0.1875,,,
1.29910802841187,0,0.1875,0.1875,0.1875,0.1875,0.1875,0.1875,,,
1.3011109828949,0,0.1875,0.1875,0.1875,0.1875,0.1875,0.1875,,,
1.30311393737793,0,0.1875,0.1875,0.1875,0.1875,0.1875,0.1875,,,
1.30511403083801,0,0.1875,0.1875,0.1875,0.1875,0.1875,0.1875,,,
1.30711698532104,0,0.1875,0.1875,0.1875,0.1875,0.1875,0.1875,,,
1.30911993980408,0,0.1875,0.1875,0.1875,0.1875,0.1875,0.1875,,,
1.31112003326416,0,0.1875,0.1875,0.1875,0.1875,0.1875,0.1875,,,
1.31312298774719,0,0.1875,0.1875,0.1875,0.1875,0.1875,0.1875,,,
1.31512308120728,0,0.1875,0.1875,0.1875,0.1875,0.1875,0.1875,,,
1.31712603569031,0,0.1875,0.1875,0.1875,0.1875,0.1875,0.1875,,,
1.31912899017334,0,0.1875,0.1875,0.1875,0.1875,0.1875,0.1875,,,
1.32112908363342,0,0.1875,0.1875,0.1875,0.1875,0.1875,0.1875,,,
1.32313203811646,0,0.1875,0.1875,0.1875,0.1875,0.1875,0.1875,,,
1.32513213157654,0,0.1875,0.1875,0.1875,0.1875,0.1875,0.1875,,,
1.32713508605957,0,0.1875,0.1875,0.1875,0.1875,0.1875,0.1875,,,
1.3291380405426,0,0.1875,0.1875,0.1875,0.1875,0.1875,0.1875,,,
1.33113813400269,0,0.1875,0.1875,0.1875,0.1875,0.1875,0.1875,,,
1.33314108848572,0,0.1875,0.1875,0.1875,0.1875,0.1875,0.1875,,,
1.33514404296875,0,0.1875,0.1875,0.1875,0.1875,0.1875,0.1875,,,
1.33714413642883,0,0.1875,0.1875,0.1875,0.1875,0.1875,0.1875,,,
1.33914709091187,0,0.1875,0.1875,0.1875,0.1875,0.1875,0.1875,,,
1.34114694595337,0,0.1875,0.1875,0.1875,0.1875,0.1875,0.1875,,,
1.34315013885498,0,0.1875,0.1875,0.1875,0.1875,0.1875,0.1875,,,
1.34515309333801,0,0.1875,0.1875,0.1875,0.1875,0.1875,0.1875,,,
1.34715294837952,0,0.1875,0.1875,0.1875,0.1875,0.1875,0.1875,,,
1.34915614128113,0,0.1875,0.1875,0.1875,0.1875,0.1875,0.1875,,,
1.35115909576416,0,0.1875,0.1875,0.1875,0.1875,0.1875,0.1875,,,
1.35315895080566,0,0.1875,0.1875,0.1875,0.1875,0.1875,0.1875,,,
1.3551619052887,0,0.1875,0.1875,0.1875,0.1875,0.1875,0.1875,,,
1.35716199874878,0,0.1875,0.1875,0.1875,0.1875,0.1875,0.1875,,,
1.35916495323181,0,0.1875,0.1875,0.1875,0.1875,0.1875,0.1875,,,
1.36116790771484,0,0.1875,0.1875,0.1875,0.1875,0.1875,0.1875,,,
1.36316800117493,0,0.1875,0.1875,0.1875,0.1875,0.1875,0.1875,,,
1.36517095565796,0,0.1875,0.1875,0.1875,0.1875,0.1875,0.1875,,,
1.36717391014099,0,0.1875,0.1875,0.1875,0.1875,0.1875,0.1875,,,
1.36917400360107,0,0.1875,0.1875,0.1875,0.1875,0.1875,0.1875,,,
1.37117695808411,0,0.1875,0.1875,0.1875,0.1875,0.1875,0.1875,,,
1.37317705154419,0,0.1875,0.1875,0.1875,0.1875,0.1875,0.1875,,,
1.37518000602722,0,0.1875,0.1875,0.1875,0.1875,0.1875,0.1875,,,
1.37718296051025,0,0.1875,0.1875,0.1875,0.1875,0.1875,0.1875,,,
1.37918305397034,0,0.1875,0.1875,0.1875,0.1875,0.1875,0.1875,,,
1.38118600845337,0,0.1875,0.1875,0.1875,0.1875,0.1875,0.1875,,,
1.38318800926209,0,0.1875,0.1875,0.1875,0.1875,0.1875,0.1875,,,
1.38518905639648,0,0.1875,0.1875,0.1875,0.1875,0.1875,0.1875,,,
1.38719201087952,0,0.1875,0.1875,0.1875,0.1875,0.1875,0.1875,,,
1.3891921043396,0,0.1875,0.1875,0.1875,0.1875,0.1875,0.1875,,,
1.39119505882263,0,0.1875,0.1875,0.1875,0.1875,0.1875,0.1875,,,
1.39319491386414,0,0.1875,0.1875,0.1875,0.1875,0.1875,0.1875,,,
1.39519810676575,0,0.1875,0.1875,0.1875,0.1875,0.1875,0.1875,,,
1.39720106124878,0,0.1875,0.1875,0.1875,0.1875,0.1875,0.1875,,,
1.39920091629028,0,0.1875,0.1875,0.1875,0.1875,0.1875,0.1875,,,
1.40120410919189,0,0.1875,0.1875,0.1875,0.1875,0.1875,0.1875,,,
1.4032039642334,0,0.1875,0.1875,0.1875,0.1875,0.1875,0.1875,,,
1.40520691871643,0,0.1875,0.1875,0.1875,0.1875,0.1875,0.1875,,,
1.40721011161804,0,0.1875,0.1875,0.1875,0.1875,0.1875,0.1875,,,
1.40920996665955,0,0.1875,0.1875,0.1875,0.1875,0.1875,0.1875,,,
1.41121292114258,0,0.1875,0.1875,0.1875,0.1875,0.1875,0.1875,,,
1.41321301460266,0,0.1875,0.1875,0.1875,0.1875,0.1875,0.1875,,,
1.41521596908569,0,0.1875,0.1875,0.1875,0.1875,0.1875,0.1875,,,
1.41721892356873,0,0.1875,0.1875,0.1875,0.1875,0.1875,0.1875,,,
1.41921901702881,0,0.1875,0.1875,0.1875,0.1875,0.1875,0.1875,,,
1.42122197151184,0,0.1875,0.1875,0.1875,0.1875,0.1875,0.1875,,,
1.42322301864624,0,0.1875,0.1875,0.1875,0.1875,0.1875,0.1875,,,
1.42522501945496,0,0.1875,0.1875,0.1875,0.1875,0.1875,0.1875,,,
1.42722797393799,0,0.1875,0.1875,0.1875,0.1875,0.1875,0.1875,,,
1.42922806739807,0,0.1875,0.1875,0.1875,0.1875,0.1875,0.1875,,,
1.4312310218811,0,0.1875,0.1875,0.1875,0.1875,0.1875,0.1875,,,
1.43323111534119,0,0.1875,0.1875,0.1875,0.1875,0.1875,0.1875,,,
1.43523406982422,0,0.1875,0.1875,0.1875,0.1875,0.1875,0.1875,,,
1.43723702430725,0,0.1875,0.1875,0.1875,0.1875,0.1875,0.1875,,,
1.43923711776733,0,0.1875,0.1875,0.1875,0.1875,0.1875,0.1875,,,
1.44124007225037,0,0.1875,0.1875,0.1875,0.1875,0.1875,0.1875,,,
1.44324111938477,0,0.1875,0.1875,0.1875,0.1875,0.1875,0.1875,,,
1.44524312019348,0,0.1875,0.1875,0.1875,0.1875,0.1875,0.1875,,,
1.44724607467651,0,0.1875,0.1875,0.1875,0.1875,0.1875,0.1875,,,
1.44924712181091,0,0.1875,0.1875,0.1875,0.1875,0.1875,0.1875,,,
1.45124912261963,0,0.1875,0.1875,0.1875,0.1875,0.1875,0.1875,,,
1.45324993133545,0,0.1875,0.1875,0.1875,0.1875,0.1875,0.1875,,,
1.45525193214417,0,0.1875,0.1875,0.1875,0.1875,0.1875,0.1875,,,
1.45725512504578,0,0.1875,0.1875,0.1875,0.1875,0.1875,0.1875,,,
1.45925498008728,0,0.1875,0.1875,0.1875,0.1875,0.1875,0.1875,,,
1.46125793457031,0,0.1875,0.1875,0.1875,0.1875,0.1875,0.1875,,,
1.46326112747192,0,0.1875,0.1875,0.1875,0.1875,0.1875,0.1875,,,
1.46526098251343,0,0.1875,0.1875,0.1875,0.1875,0.1875,0.1875,,,
1.46726393699646,0,0.1875,0.1875,0.1875,0.1875,0.1875,0.1875,,,
1.46926403045654,0,0.1875,0.1875,0.1875,0.1875,0.1875,0.1875,,,
1.47131991386414,0,0.1875,0.1875,0.1875,0.1875,0.1875,0.1875,,,
1.47332310676575,0,0.1875,0.1875,0.1875,0.1875,0.1875,0.1875,,,
1.47532296180725,0,0.1875,0.1875,0.1875,0.1875,0.1875,0.1875,,,
1.47732591629028,0,0.1875,0.1875,0.1875,0.1875,0.1875,0.1875,,,
1.47932600975037,0,0.1875,0.1875,0.1875,0.1875,0.1875,0.1875,,,
1.4813289642334,0,0.1875,0.1875,0.1875,0.1875,0.1875,0.1875,,,
1.48333191871643,0,0.1875,0.1875,0.1875,0.1875,0.1875,0.1875,,,
1.48533201217651,0,0.1875,0.1875,0.1875,0.1875,0.1875,0.1875,,,
1.48733496665955,0,0.1875,0.1875,0.1875,0.1875,0.1875,0.1875,,,
1.48933792114258,0,0.1875,0.1875,0.1875,0.1875,0.1875,0.1875,,,
1.49133801460266,0,0.1875,0.1875,0.1875,0.1875,0.1875,0.1875,,,
1.49334096908569,0,0.1875,0.1875,0.1875,0.1875,0.1875,0.1875,,,
1.49534392356873,0,0.1875,0.1875,0.1875,0.1875,0.1875,0.1875,,,
1.49734401702881,0,0.1875,0.1875,0.1875,0.1875,0.1875,0.1875,,,
1.49934697151184,0,0.1875,0.1875,0.1875,0.1875,0.1875,0.1875,,,
1.50134992599487,0,0.1875,0.1875,0.1875,0.1875,0.1875,0.1875,,,
1.50335001945496,0,0.1875,0.1875,0.1875,0.1875,0.1875,0.1875,,,
1.50535297393799,0,0.1875,0.1875,0.1875,0.1875,0.1875,0.1875,,,
1.50735592842102,0,0.1875,0.1875,0.1875,0.1875,0.1875,0.1875,,,
1.5093560218811,0,0.1875,0.1875,0.1875,0.1875,0.1875,0.1875,,,
1.51135897636414,0,0.1875,0.1875,0.1875,0.1875,0.1875,0.1875,,,
1.51336097717285,0,0.1875,0.1875,0.1875,0.1875,0.1875,0.1875,,,
1.51536202430725,0,0.1875,0.1875,0.1875,0.1875,0.1875,0.1875,,,
1.51736497879028,0,0.1875,0.1875,0.1875,0.1875,0.1875,0.1875,,,
1.51936507225037,0,0.1875,0.1875,0.1875,0.1875,0.1875,0.1875,,,
1.5213680267334,0,0.1875,0.1875,0.1875,0.1875,0.1875,0.1875,,,
1.52337002754211,0,0.1875,0.1875,0.1875,0.1875,0.1875,0.1875,,,
1.52537107467651,0,0.1875,0.1875,0.1875,0.1875,0.1875,0.1875,,,
1.52737307548523,0,0.1875,0.1875,0.1875,0.1875,0.1875,0.1875,,,
1.52937602996826,0,0.1875,0.1875,0.1875,0.1875,0.1875,0.1875,,,
1.53137612342834,0,0.1875,0.1875,0.1875,0.1875,0.1875,0.1875,,,
1.53337907791138,0,0.1875,0.1875,0.1875,0.1875,0.1875,0.1875,,,
1.53538203239441,0,0.1875,0.1875,0.1875,0.1875,0.1875,0.1875,,,
1.53738212585449,0,0.1875,0.1875,0.1875,0.1875,0.1875,0.1875,,,
1.53938508033752,0,0.1875,0.1875,0.1875,0.1875,0.1875,0.1875,,,
1.54138493537903,0,0.1875,0.1875,0.1875,0.1875,0.1875,0.1875,,,
1.54338812828064,0,0.1875,0.1875,0.1875,0.1875,0.1875,0.1875,,,
1.54539108276367,0,0.1875,0.1875,0.1875,0.1875,0.1875,0.1875,,,
1.54739093780518,0,0.1875,0.1875,0.1875,0.1875,0.1875,0.1875,,,
1.54939413070679,0,0.1875,0.1875,0.1875,0.1875,0.1875,0.1875,,,
1.55139708518982,0,0.1875,0.1875,0.1875,0.1875,0.1875,0.1875,,,
1.55339694023132,0,0.1875,0.1875,0.1875,0.1875,0.1875,0.1875,,,
1.55540013313293,0,0.1875,0.1875,0.1875,0.1875,0.1875,0.1875,,,
1.55740308761597,0,0.1875,0.1875,0.1875,0.1875,0.1875,0.1875,,,
1.55940294265747,0,0.1875,0.1875,0.1875,0.1875,0.1875,0.1875,,,
1.56140613555908,0,0.1875,0.1875,0.1875,0.1875,0.1875,0.1875,,,
1.56340599060059,0,0.1875,0.1875,0.1875,0.1875,0.1875,0.1875,,,
1.56540894508362,0,0.1875,0.1875,0.1875,0.1875,0.1875,0.1875,,,
1.56741213798523,0,0.1875,0.1875,0.1875,0.1875,0.1875,0.1875,,,
1.56941199302673,0,0.1875,0.1875,0.1875,0.1875,0.1875,0.1875,,,
1.57141494750977,0,0.1875,0.1875,0.1875,0.1875,0.1875,0.1875,,,
1.57341814041138,0,0.1875,0.1875,0.1875,0.1875,0.1875,0.1875,,,
1.57541799545288,0,0.1875,0.1875,0.1875,0.1875,0.1875,0.1875,,,
1.57742094993591,0,0.1875,0.1875,0.1875,0.1875,0.1875,0.1875,,,
1.57942390441895,0,0.1875,0.1875,0.1875,0.1875,0.1875,0.1875,,,
1.58142399787903,0,0.1875,0.1875,0.1875,0.1875,0.1875,0.1875,,,
1.58342695236206,0,0.1875,0.1875,0.1875,0.1875,0.1875,0.1875,,,
1.58542704582214,0,0.1875,0.1875,0.1875,0.1875,0.1875,0.1875,,,
1.58743000030518,0,0.1875,0.1875,0.1875,0.1875,0.1875,0.1875,,,
1.58943295478821,0,0.1875,0.1875,0.1875,0.1875,0.1875,0.1875,,,
1.59143304824829,0,0.1875,0.1875,0.1875,0.1875,0.1875,0.1875,,,
1.59343600273132,0,0.1875,0.1875,0.1875,0.1875,0.1875,0.1875,,,
1.59543895721436,0,0.1875,0.1875,0.1875,0.1875,0.1875,0.1875,,,
1.59743905067444,0,0.1875,0.1875,0.1875,0.1875,0.1875,0.1875,,,
1.59944200515747,0,0.1875,0.1875,0.1875,0.1875,0.1875,0.1875,,,
1.60144209861755,0,0.1875,0.1875,0.1875,0.1875,0.1875,0.1875,,,
1.60344505310059,0,0.1875,0.1875,0.1875,0.1875,0.1875,0.1875,,,
1.60544800758362,0,0.1875,0.1875,0.1875,0.1875,0.1875,0.1875,,,
1.60744905471802,0,0.1875,0.1875,0.1875,0.1875,0.1875,0.1875,,,
1.60945105552673,0,0.1875,0.1875,0.1875,0.1875,0.1875,0.1875,,,
1.61145210266113,0,0.1875,0.1875,0.1875,0.1875,0.1875,0.1875,,,
1.61345410346985,0,0.1875,0.1875,0.1875,0.1875,0.1875,0.1875,,,
1.61545705795288,0,0.1875,0.1875,0.1875,0.1875,0.1875,0.1875,,,
1.61745810508728,0,0.1875,0.1875,0.1875,0.1875,0.1875,0.1875,,,
1.619460105896,0,0.1875,0.1875,0.1875,0.1875,0.1875,0.1875,,,
1.62146306037903,0,0.1875,0.1875,0.1875,0.1875,0.1875,0.1875,,,
1.62346410751343,0,0.1875,0.1875,0.1875,0.1875,0.1875,0.1875,,,
1.62546610832214,0,0.1875,0.1875,0.1875,0.1875,0.1875,0.1875,,,
1.62746691703796,0,0.1875,0.1875,0.1875,0.1875,0.1875,0.1875,,,
1.62947010993958,0,0.1875,0.1875,0.1875,0.1875,0.1875,0.1875,,,
1.63147211074829,0,0.1875,0.1875,0.1875,0.1875,0.1875,0.1875,,,
1.63347291946411,0,0.1875,0.1875,0.1875,0.1875,0.1875,0.1875,,,
1.63547492027283,0,0.1875,0.1875,0.1875,0.1875,0.1875,0.1875,,,
1.63747811317444,0,0.1875,0.1875,0.1875,0.1875,0.1875,0.1875,,,
1.63947796821594,0,0.1875,0.1875,0.1875,0.1875,0.1875,0.1875,,,
1.64148092269897,0,0.1875,0.1875,0.1875,0.1875,0.1875,0.1875,,,
1.64348411560059,0,0.1875,0.1875,0.1875,0.1875,0.1875,0.1875,,,
1.64548397064209,0,0.1875,0.1875,0.1875,0.1875,0.1875,0.1875,,,
1.64748692512512,0,0.1875,0.1875,0.1875,0.1875,0.1875,0.1875,,,
1.64949011802673,0,0.1875,0.1875,0.1875,0.1875,0.1875,0.1875,,,
1.65148997306824,0,0.1875,0.1875,0.1875,0.1875,0.1875,0.1875,,,
1.65349292755127,0,0.1875,0.1875,0.1875,0.1875,0.1875,0.1875,,,
1.65549302101135,0,0.1875,0.1875,0.1875,0.1875,0.1875,0.1875,,,
1.65749597549438,0,0.1875,0.1875,0.1875,0.1875,0.1875,0.1875,,,
1.65949892997742,0,0.1875,0.1875,0.1875,0.1875,0.1875,0.1875,,,
1.6614990234375,0,0.1875,0.1875,0.1875,0.1875,0.1875,0.1875,,,
1.66350197792053,0,0.1875,0.1875,0.1875,0.1875,0.1875,0.1875,,,
1.66550493240356,0,0.1875,0.1875,0.1875,0.1875,0.1875,0.1875,,,
1.66750502586365,0,0.1875,0.1875,0.1875,0.1875,0.1875,0.1875,,,
1.66950798034668,0,0.1875,0.1875,0.1875,0.1875,0.1875,0.1875,,,
1.67150807380676,0,0.1875,0.1875,0.1875,0.1875,0.1875,0.1875,,,
1.67351102828979,0,0.1875,0.1875,0.1875,0.1875,0.1875,0.1875,,,
1.67551398277283,0,0.1875,0.1875,0.1875,0.1875,0.1875,0.1875,,,
1.67751407623291,0,0.1875,0.1875,0.1875,0.1875,0.1875,0.1875,,,
1.67951703071594,0,0.1875,0.1875,0.1875,0.1875,0.1875,0.1875,,,
1.68151998519897,0,0.1875,0.1875,0.1875,0.1875,0.1875,0.1875,,,
1.68352007865906,0,0.1875,0.1875,0.1875,0.1875,0.1875,0.1875,,,
1.68552303314209,0,0.1875,0.1875,0.1875,0.1875,0.1875,0.1875,,,
1.68752312660217,0,0.1875,0.1875,0.1875,0.1875,0.1875,0.1875,,,
1.68952608108521,0,0.1875,0.1875,0.1875,0.1875,0.1875,0.1875,,,
1.69152903556824,0,0.1875,0.1875,0.1875,0.1875,0.1875,0.1875,,,
1.69352912902832,0,0.1875,0.1875,0.1875,0.1875,0.1875,0.1875,,,
1.69553208351135,0,0.1875,0.1875,0.1875,0.1875,0.1875,0.1875,,,
1.69753313064575,0,0.1875,0.1875,0.1875,0.1875,0.1875,0.1875,,,
1.69953513145447,0,0.1875,0.1875,0.1875,0.1875,0.1875,0.1875,,,
1.7015380859375,0,0.1875,0.1875,0.1875,0.1875,0.1875,0.1875,,,
1.7035391330719,0,0.1875,0.1875,0.1875,0.1875,0.1875,0.1875,,,
1.70554113388062,0,0.1875,0.1875,0.1875,0.1875,0.1875,0.1875,,,
1.70754194259644,0,0.1875,0.1875,0.1875,0.1875,0.1875,0.1875,,,
1.70954394340515,0,0.1875,0.1875,0.1875,0.1875,0.1875,0.1875,,,
1.71154713630676,0,0.1875,0.1875,0.1875,0.1875,0.1875,0.1875,,,
1.71354794502258,0,0.1875,0.1875,0.1875,0.1875,0.1875,0.1875,,,
1.71555113792419,0,0.1875,0.1875,0.1875,0.1875,0.1875,0.1875,,,
1.7175509929657,0,0.1875,0.1875,0.1875,0.1875,0.1875,0.1875,,,
1.71955394744873,0,0.1875,0.1875,0.1875,0.1875,0.1875,0.1875,,,
1.72155594825745,0,0.1875,0.1875,0.1875,0.1875,0.1875,0.1875,,,
1.72355699539185,0,0.1875,0.1875,0.1875,0.1875,0.1875,0.1875,,,
1.72555994987488,0,0.1875,0.1875,0.1875,0.1875,0.1875,0.1875,,,
1.72756004333496,0,0.1875,0.1875,0.1875,0.1875,0.1875,0.1875,,,
1.72956299781799,0,0.1875,0.1875,0.1875,0.1875,0.1875,0.1875,,,
1.73156595230103,0,0.1875,0.1875,0.1875,0.1875,0.1875,0.1875,,,
1.73356604576111,0,0.1875,0.1875,0.1875,0.1875,0.1875,0.1875,,,
1.73556900024414,0,0.1875,0.1875,0.1875,0.1875,0.1875,0.1875,,,
1.73757195472717,0,0.1875,0.1875,0.1875,0.1875,0.1875,0.1875,,,
1.73957204818726,0,0.1875,0.1875,0.1875,0.1875,0.1875,0.1875,,,
1.74157500267029,0,0.1875,0.1875,0.1875,0.1875,0.1875,0.1875,,,
1.74357795715332,0,0.1875,0.1875,0.1875,0.1875,0.1875,0.1875,,,
1.7455780506134,0,0.1875,0.1875,0.1875,0.1875,0.1875,0.1875,,,
1.74758100509644,0,0.1875,0.1875,0.1875,0.1875,0.1875,0.1875,,,
1.74958109855652,0,0.1875,0.1875,0.1875,0.1875,0.1875,0.1875,,,
1.75158405303955,0,0.1875,0.1875,0.1875,0.1875,0.1875,0.1875,,,
1.75358390808105,0,0.1875,0.1875,0.1875,0.1875,0.1875,0.1875,,,
1.75558710098267,0,0.1875,0.1875,0.1875,0.1875,0.1875,0.1875,,,
1.7575900554657,0,0.1875,0.1875,0.1875,0.1875,0.1875,0.1875,,,
1.7595899105072,0,0.1875,0.1875,0.1875,0.1875,0.1875,0.1875,,,
1.76159310340881,0,0.1875,0.1875,0.1875,0.1875,0.1875,0.1875,,,
1.76359295845032,0,0.1875,0.1875,0.1875,0.1875,0.1875,0.1875,,,
1.76559591293335,0,0.1875,0.1875,0.1875,0.1875,0.1875,0.1875,,,
1.76759910583496,0,0.1875,0.1875,0.1875,0.1875,0.1875,0.1875,,,
1.76959896087646,0,0.1875,0.1875,0.1875,0.1875,0.1875,0.1875,,,
1.7716019153595,0,0.1875,0.1875,0.1875,0.1875,0.1875,0.1875,,,
1.77360510826111,0,0.1875,0.1875,0.1875,0.1875,0.1875,0.1875,,,
1.77560496330261,0,0.1875,0.1875,0.1875,0.1875,0.1875,0.1875,,,
1.77760791778564,0,0.1875,0.1875,0.1875,0.1875,0.1875,0.1875,,,
1.77960801124573,0,0.1875,0.1875,0.1875,0.1875,0.1875,0.1875,,,
1.78161096572876,0,0.1875,0.1875,0.1875,0.1875,0.1875,0.1875,,,
1.78361105918884,0,0.1875,0.1875,0.1875,0.1875,0.1875,0.1875,,,
1.78561401367188,0,0.1875,0.1875,0.1875,0.1875,0.1875,0.1875,,,
1.78761696815491,0,0.1875,0.1875,0.1875,0.1875,0.1875,0.1875,,,
1.78961801528931,0,0.1875,0.1875,0.1875,0.1875,0.1875,0.1875,,,
1.79162001609802,0,0.1875,0.1875,0.1875,0.1875,0.1875,0.1875,,,
1.79362106323242,0,0.1875,0.1875,0.1875,0.1875,0.1875,0.1875,,,
1.79562306404114,0,0.1875,0.1875,0.1875,0.1875,0.1875,0.1875,,,
1.79762601852417,0,0.1875,0.1875,0.1875,0.1875,0.1875,0.1875,,,
1.79962611198425,0,0.1875,0.1875,0.1875,0.1875,0.1875,0.1875,,,
1.80162906646729,0,0.1875,0.1875,0.1875,0.1875,0.1875,0.1875,,,
1.80362892150879,0,0.1875,0.1875,0.1875,0.1875,0.1875,0.1875,,,
1.8056321144104,0,0.1875,0.1875,0.1875,0.1875,0.1875,0.1875,,,
1.80763506889343,0,0.1875,0.1875,0.1875,0.1875,0.1875,0.1875,,,
1.80963492393494,0,0.1875,0.1875,0.1875,0.1875,0.1875,0.1875,,,
1.81163811683655,0,0.1875,0.1875,0.1875,0.1875,0.1875,0.1875,,,
1.81363797187805,0,0.1875,0.1875,0.1875,0.1875,0.1875,0.1875,,,
1.81564092636108,0,0.1875,0.1875,0.1875,0.1875,0.1875,0.1875,,,
1.8176441192627,0,0.1875,0.1875,0.1875,0.1875,0.1875,0.1875,,,
1.8196439743042,0,0.1875,0.1875,0.1875,0.1875,0.1875,0.1875,,,
1.82164692878723,0,0.1875,0.1875,0.1875,0.1875,0.1875,0.1875,,,
1.82364797592163,0,0.1875,0.1875,0.1875,0.1875,0.1875,0.1875,,,
1.82564997673035,0,0.1875,0.1875,0.1875,0.1875,0.1875,0.1875,,,
1.82765102386475,0,0.1875,0.1875,0.1875,0.1875,0.1875,0.1875,,,
1.82965397834778,0,0.1875,0.1875,0.1875,0.1875,0.1875,0.1875,,,
1.83165597915649,0,0.1875,0.1875,0.1875,0.1875,0.1875,0.1875,,,
1.83365702629089,0,0.1875,0.1875,0.1875,0.1875,0.1875,0.1875,,,
1.83565902709961,0,0.1875,0.1875,0.1875,0.1875,0.1875,0.1875,,,
1.83766007423401,0,0.1875,0.1875,0.1875,0.1875,0.1875,0.1875,,,
1.83966302871704,0,0.1875,0.1875,0.1875,0.1875,0.1875,0.1875,,,
1.84166502952576,0,0.1875,0.1875,0.1875,0.1875,0.1875,0.1875,,,
1.84366607666016,0,0.1875,0.1875,0.1875,0.1875,0.1875,0.1875,,,
1.84566807746887,0,0.1875,0.1875,0.1875,0.1875,0.1875,0.1875,,,
1.84766912460327,0,0.1875,0.1875,0.1875,0.1875,0.1875,0.1875,,,
1.8496720790863,0,0.1875,0.1875,0.1875,0.1875,0.1875,0.1875,,,
1.85167407989502,0,0.1875,0.1875,0.1875,0.1875,0.1875,0.1875,,,
1.85367512702942,0,0.1875,0.1875,0.1875,0.1875,0.1875,0.1875,,,
1.85567808151245,0,0.1875,0.1875,0.1875,0.1875,0.1875,0.1875,,,
1.85767793655396,0,0.1875,0.1875,0.1875,0.1875,0.1875,0.1875,,,
1.85968112945557,0,0.1875,0.1875,0.1875,0.1875,0.1875,0.1875,,,
1.86168313026428,0,0.1875,0.1875,0.1875,0.1875,0.1875,0.1875,,,
1.8636839389801,0,0.1875,0.1875,0.1875,0.1875,0.1875,0.1875,,,
1.86568593978882,0,0.1875,0.1875,0.1875,0.1875,0.1875,0.1875,,,
1.86768698692322,0,0.1875,0.1875,0.1875,0.1875,0.1875,0.1875,,,
1.86968994140625,0,0.1875,0.1875,0.1875,0.1875,0.1875,0.1875,,,
1.87169194221497,0,0.1875,0.1875,0.1875,0.1875,0.1875,0.1875,,,
1.87369298934937,0,0.1875,0.1875,0.1875,0.1875,0.1875,0.1875,,,
1.87569499015808,0,0.1875,0.1875,0.1875,0.1875,0.1875,0.1875,,,
1.87769794464111,0,0.1875,0.1875,0.1875,0.1875,0.1875,0.1875,,,
1.8796980381012,0,0.1875,0.1875,0.1875,0.1875,0.1875,0.1875,,,
1.88170099258423,0,0.1875,0.1875,0.1875,0.1875,0.1875,0.1875,,,
1.88370203971863,0,0.1875,0.1875,0.1875,0.1875,0.1875,0.1875,,,
1.88570404052734,0,0.1875,0.1875,0.1875,0.1875,0.1875,0.1875,,,
1.88770699501038,0,0.1875,0.1875,0.1875,0.1875,0.1875,0.1875,,,
1.88970804214478,0,0.1875,0.1875,0.1875,0.1875,0.1875,0.1875,,,
1.89171004295349,0,0.1875,0.1875,0.1875,0.1875,0.1875,0.1875,,,
1.89371109008789,0,0.1875,0.1875,0.1875,0.1875,0.1875,0.1875,,,
1.89571309089661,0,0.1875,0.1875,0.1875,0.1875,0.1875,0.1875,,,
1.89771604537964,0,0.1875,0.1875,0.1875,0.1875,0.1875,0.1875,,,
1.89971709251404,0,0.1875,0.1875,0.1875,0.1875,0.1875,0.1875,,,
1.90171909332275,0,0.1875,0.1875,0.1875,0.1875,0.1875,0.1875,,,
1.90372014045715,0,0.1875,0.1875,0.1875,0.1875,0.1875,0.1875,,,
1.90572309494019,0,0.1875,0.1875,0.1875,0.1875,0.1875,0.1875,,,
1.9077250957489,0,0.1875,0.1875,0.1875,0.1875,0.1875,0.1875,,,
1.90972590446472,0,0.1875,0.1875,0.1875,0.1875,0.1875,0.1875,,,
1.91172909736633,0,0.1875,0.1875,0.1875,0.1875,0.1875,0.1875,,,
1.91373109817505,0,0.1875,0.1875,0.1875,0.1875,0.1875,0.1875,,,
1.91573190689087,0,0.1875,0.1875,0.1875,0.1875,0.1875,0.1875,,,
1.91773509979248,0,0.1875,0.1875,0.1875,0.1875,0.1875,0.1875,,,
1.91973495483398,0,0.1875,0.1875,0.1875,0.1875,0.1875,0.1875,,,
1.92173790931702,0,0.1875,0.1875,0.1875,0.1875,0.1875,0.1875,,,
1.92374110221863,0,0.1875,0.1875,0.1875,0.1875,0.1875,0.1875,,,
1.92574095726013,0,0.1875,0.1875,0.1875,0.1875,0.1875,0.1875,,,
1.92774391174316,0,0.1875,0.1875,0.1875,0.1875,0.1875,0.1875,,,
1.92974400520325,0,0.1875,0.1875,0.1875,0.1875,0.1875,0.1875,,,
1.93174695968628,0,0.1875,0.1875,0.1875,0.1875,0.1875,0.1875,,,
1.933748960495,0,0.1875,0.1875,0.1875,0.1875,0.1875,0.1875,,,
1.93575000762939,0,0.1875,0.1875,0.1875,0.1875,0.1875,0.1875,,,
1.93775296211243,0,0.1875,0.1875,0.1875,0.1875,0.1875,0.1875,,,
1.93975496292114,0,0.1875,0.1875,0.1875,0.1875,0.1875,0.1875,,,
1.94175601005554,0,0.1875,0.1875,0.1875,0.1875,0.1875,0.1875,,,
1.94375896453857,0,0.1875,0.1875,0.1875,0.1875,0.1875,0.1875,,,
1.94575905799866,0,0.1875,0.1875,0.1875,0.1875,0.1875,0.1875,,,
1.94776201248169,0,0.1875,0.1875,0.1875,0.1875,0.1875,0.1875,,,
1.94976401329041,0,0.1875,0.1875,0.1875,0.1875,0.1875,0.1875,,,
1.9517650604248,0,0.1875,0.1875,0.1875,0.1875,0.1875,0.1875,,,
1.95376801490784,0,0.1875,0.1875,0.1875,0.1875,0.1875,0.1875,,,
1.95576810836792,0,0.1875,0.1875,0.1875,0.1875,0.1875,0.1875,,,
1.95777106285095,0,0.1875,0.1875,0.1875,0.1875,0.1875,0.1875,,,
1.95977306365967,0,0.1875,0.1875,0.1875,0.1875,0.1875,0.1875,,,
1.96177411079407,0,0.1875,0.1875,0.1875,0.1875,0.1875,0.1875,,,
1.9637770652771,0,0.1875,0.1875,0.1875,0.1875,0.1875,0.1875,,,
1.9657769203186,0,0.1875,0.1875,0.1875,0.1875,0.1875,0.1875,,,
1.96778011322021,0,0.1875,0.1875,0.1875,0.1875,0.1875,0.1875,,,
1.96981191635132,0,0.1875,0.1875,0.1875,0.1875,0.1875,0.1875,,,
1.97181296348572,0,0.1875,0.1875,0.1875,0.1875,0.1875,0.1875,,,
1.97381591796875,0,0.1875,0.1875,0.1875,0.1875,0.1875,0.1875,,,
1.97581601142883,0,0.1875,0.1875,0.1875,0.1875,0.1875,0.1875,,,
1.97781896591187,0,0.1875,0.1875,0.1875,0.1875,0.1875,0.1875,,,
1.97982096672058,0,0.1875,0.1875,0.1875,0.1875,0.1875,0.1875,,,
1.98182106018066,0,0.1875,0.1875,0.1875,0.1875,0.1875,0.1875,,,
1.98382306098938,0,0.1875,0.1875,0.1875,0.1875,0.1875,0.1875,,,
1.98582601547241,0,0.1875,0.1875,0.1875,0.1875,0.1875,0.1875,,,
1.98782706260681,0,0.1875,0.1875,0.1875,0.1875,0.1875,0.1875,,,
1.98983001708984,0,0.1875,0.1875,0.1875,0.1875,0.1875,0.1875,,,
1.99183011054993,0,0.1875,0.1875,0.1875,0.1875,0.1875,0.1875,,,
1.99383306503296,0,0.1875,0.1875,0.1875,0.1875,0.1875,0.1875,,,
1.99583601951599,0,0.1875,0.1875,0.1875,0.1875,0.1875,0.1875,,,
1.99783611297607,0,0.1875,0.1875,0.1875,0.1875,0.1875,0.1875,,,
1.99983906745911,0,0.1875,0.1875,0.1875,0.1875,0.1875,0.1875,,,
2.00183892250061,0,0.1875,0.1875,0.1875,0.1875,0.1875,0.1875,,,
2.00384211540222,0,0.1875,0.1875,0.1875,0.1875,0.1875,0.1875,,,
2.00584292411804,0,0.1875,0.1875,0.1875,0.1875,0.1875,0.1875,,,
2.00784611701965,0,0.1875,0.1875,0.1875,0.1875,0.1875,0.1875,,,
2.00984597206116,0,0.1875,0.1875,0.1875,0.1875,0.1875,0.1875,,,
2.01184892654419,0,0.1875,0.1875,0.1875,0.1875,0.1875,0.1875,,,
2.01384902000427,0,0.1875,0.1875,0.1875,0.1875,0.1875,0.1875,,,
2.0158519744873,0,0.1875,0.1875,0.1875,0.1875,0.1875,0.1875,,,
2.0178530216217,0,0.1875,0.1875,0.1875,0.1875,0.1875,0.1875,,,
2.01985597610474,0,0.1875,0.1875,0.1875,0.1875,0.1875,0.1875,,,
2.02185797691345,0,0.1875,0.1875,0.1875,0.1875,0.1875,0.1875,,,
2.02385997772217,0,0.1875,0.1875,0.1875,0.1875,0.1875,0.1875,,,
2.02586007118225,0,0.1875,0.1875,0.1875,0.1875,0.1875,0.1875,,,
2.02786302566528,0,0.1875,0.1875,0.1875,0.1875,0.1875,0.1875,,,
2.02986598014832,0,0.1875,0.1875,0.1875,0.1875,0.1875,0.1875,,,
2.0318660736084,0,0.1875,0.1875,0.1875,0.1875,0.1875,0.1875,,,
2.03386902809143,0,0.1875,0.1875,0.1875,0.1875,0.1875,0.1875,,,
2.03587198257446,0,0.1875,0.1875,0.1875,0.1875,0.1875,0.1875,,,
2.03787207603455,0,0.1875,0.1875,0.1875,0.1875,0.1875,0.1875,,,
2.03987503051758,0,0.1875,0.1875,0.1875,0.1875,0.1875,0.1875,,,
2.04187512397766,0,0.1875,0.1875,0.1875,0.1875,0.1875,0.1875,,,
2.04387712478638,0,0.1875,0.1875,0.1875,0.1875,0.1875,0.1875,,,
2.04588007926941,0,0.1875,0.1875,0.1875,0.1875,0.1875,0.1875,,,
2.04787993431091,0,0.1875,0.1875,0.1875,0.1875,0.1875,0.1875,,,
2.04988312721252,0,0.1875,0.1875,0.1875,0.1875,0.1875,0.1875,,,
2.05188512802124,0,0.1875,0.1875,0.1875,0.1875,0.1875,0.1875,,,
2.05388498306274,0,0.1875,0.1875,0.1875,0.1875,0.1875,0.1875,,,
2.05588793754578,0,0.1875,0.1875,0.1875,0.1875,0.1875,0.1875,,,
2.05789113044739,0,0.1875,0.1875,0.1875,0.1875,0.1875,0.1875,,,
2.05989098548889,0,0.1875,0.1875,0.1875,0.1875,0.1875,0.1875,,,
2.06189393997192,0,0.1875,0.1875,0.1875,0.1875,0.1875,0.1875,,,
2.06389403343201,0,0.1875,0.1875,0.1875,0.1875,0.1875,0.1875,,,
2.06589698791504,0,0.1875,0.1875,0.1875,0.1875,0.1875,0.1875,,,
2.06789898872375,0,0.1875,0.1875,0.1875,0.1875,0.1875,0.1875,,,
2.06990003585815,0,0.1875,0.1875,0.1875,0.1875,0.1875,0.1875,,,
2.07190203666687,0,0.1875,0.1875,0.1875,0.1875,0.1875,0.1875,,,
2.0739049911499,0,0.1875,0.1875,0.1875,0.1875,0.1875,0.1875,,,
2.07590508460999,0,0.1875,0.1875,0.1875,0.1875,0.1875,0.1875,,,
2.07790803909302,0,0.1875,0.1875,0.1875,0.1875,0.1875,0.1875,,,
2.07991003990173,0,0.1875,0.1875,0.1875,0.1875,0.1875,0.1875,,,
2.08191108703613,0,0.1875,0.1875,0.1875,0.1875,0.1875,0.1875,,,
2.08391308784485,0,0.1875,0.1875,0.1875,0.1875,0.1875,0.1875,,,
2.08591413497925,0,0.1875,0.1875,0.1875,0.1875,0.1875,0.1875,,,
2.08791613578796,0,0.1875,0.1875,0.1875,0.1875,0.1875,0.1875,,,
2.089919090271,0,0.1875,0.1875,0.1875,0.1875,0.1875,0.1875,,,
2.0919189453125,0,0.1875,0.1875,0.1875,0.1875,0.1875,0.1875,,,
2.09392213821411,0,0.1875,0.1875,0.1875,0.1875,0.1875,0.1875,,,
2.09592413902283,0,0.1875,0.1875,0.1875,0.1875,0.1875,0.1875,,,
2.09792399406433,0,0.1875,0.1875,0.1875,0.1875,0.1875,0.1875,,,
2.09992694854736,0,0.1875,0.1875,0.1875,0.1875,0.1875,0.1875,,,
2.10193014144897,0,0.1875,0.1875,0.1875,0.1875,0.1875,0.1875,,,
2.10392999649048,0,0.1875,0.1875,0.1875,0.1875,0.1875,0.1875,,,
2.10593295097351,0,0.1875,0.1875,0.1875,0.1875,0.1875,0.1875,,,
2.10793304443359,0,0.1875,0.1875,0.1875,0.1875,0.1875,0.1875,,,
2.10993599891663,0,0.1875,0.1875,0.1875,0.1875,0.1875,0.1875,,,
2.11193799972534,0,0.1875,0.1875,0.1875,0.1875,0.1875,0.1875,,,
2.11393904685974,0,0.1875,0.1875,0.1875,0.1875,0.1875,0.1875,,,
2.11594104766846,0,0.1875,0.1875,0.1875,0.1875,0.1875,0.1875,,,
2.11794400215149,0,0.1875,0.1875,0.1875,0.1875,0.1875,0.1875,,,
2.11994409561157,0,0.1875,0.1875,0.1875,0.1875,0.1875,0.1875,,,
2.12194609642029,0,0.1875,0.1875,0.1875,0.1875,0.1875,0.1875,,,
2.12394905090332,0,0.1875,0.1875,0.1875,0.1875,0.1875,0.1875,,,
2.12594890594482,0,0.1875,0.1875,0.1875,0.1875,0.1875,0.1875,,,
2.12795209884644,0,0.1875,0.1875,0.1875,0.1875,0.1875,0.1875,,,
2.12996006011963,0,0.1875,0.1875,0.1875,0.1875,0.1875,0.1875,,,
2.13195991516113,0,0.1875,0.1875,0.1875,0.1875,0.1875,0.1875,,,
2.13396310806274,0,0.1875,0.1875,0.1875,0.1875,0.1875,0.1875,,,
2.13596296310425,0,0.1875,0.1875,0.1875,0.1875,0.1875,0.1875,,,
2.13796305656433,0,0.1875,0.1875,0.1875,0.1875,0.1875,0.1875,,,
2.13996410369873,0,0.1875,0.1875,0.1875,0.1875,0.1875,0.1875,,,
2.14196395874023,0,0.1875,0.1875,0.1875,0.1875,0.1875,0.1875,,,
2.14396691322327,0,0.1875,0.1875,0.1875,0.1875,0.1875,0.1875,,,
2.14597010612488,0,0.1875,0.1875,0.1875,0.1875,0.1875,0.1875,,,
2.14796996116638,0,0.1875,0.1875,0.1875,0.1875,0.1875,0.1875,,,
2.14997291564941,0,0.1875,0.1875,0.1875,0.1875,0.1875,0.1875,,,
2.1519730091095,0,0.1875,0.1875,0.1875,0.1875,0.1875,0.1875,,,
2.15397596359253,0,0.1875,0.1875,0.1875,0.1875,0.1875,0.1875,,,
2.15597605705261,0,0.1875,0.1875,0.1875,0.1875,0.1875,0.1875,,,
2.15797901153564,0,0.1875,0.1875,0.1875,0.1875,0.1875,0.1875,,,
2.15998196601868,0,0.1875,0.1875,0.1875,0.1875,0.1875,0.1875,,,
2.16198205947876,0,0.1875,0.1875,0.1875,0.1875,0.1875,0.1875,,,
2.16398501396179,0,0.1875,0.1875,0.1875,0.1875,0.1875,0.1875,,,
2.16598510742188,0,0.1875,0.1875,0.1875,0.1875,0.1875,0.1875,,,
2.16798806190491,0,0.1875,0.1875,0.1875,0.1875,0.1875,0.1875,,,
2.16999101638794,0,0.1875,0.1875,0.1875,0.1875,0.1875,0.1875,,,
2.17199110984802,0,0.1875,0.1875,0.1875,0.1875,0.1875,0.1875,,,
2.17399406433105,0,0.1875,0.1875,0.1875,0.1875,0.1875,0.1875,,,
2.17599391937256,0,0.1875,0.1875,0.1875,0.1875,0.1875,0.1875,,,
2.17799711227417,0,0.1875,0.1875,0.1875,0.1875,0.1875,0.1875,,,
2.17999792098999,0,0.1875,0.1875,0.1875,0.1875,0.1875,0.1875,,,
2.1820011138916,0,0.1875,0.1875,0.1875,0.1875,0.1875,0.1875,,,
2.18400311470032,0,0.1875,0.1875,0.1875,0.1875,0.1875,0.1875,,,
2.18600392341614,0,0.1875,0.1875,0.1875,0.1875,0.1875,0.1875,,,
2.18800592422485,0,0.1875,0.1875,0.1875,0.1875,0.1875,0.1875,,,
2.19000697135925,0,0.1875,0.1875,0.1875,0.1875,0.1875,0.1875,,,
2.19200897216797,0,0.1875,0.1875,0.1875,0.1875,0.1875,0.1875,,,
2.194011926651,0,0.1875,0.1875,0.1875,0.1875,0.1875,0.1875,,,
2.19601202011108,0,0.1875,0.1875,0.1875,0.1875,0.1875,0.1875,,,
2.19801497459412,0,0.1875,0.1875,0.1875,0.1875,0.1875,0.1875,,,
2.20001602172852,0,0.1875,0.1875,0.1875,0.1875,0.1875,0.1875,,,
2.20201802253723,0,0.1875,0.1875,0.1875,0.1875,0.1875,0.1875,,,
2.20402097702026,0,0.1875,0.1875,0.1875,0.1875,0.1875,0.1875,,,
2.20602107048035,0,0.1875,0.1875,0.1875,0.1875,0.1875,0.1875,,,
2.20802402496338,0,0.1875,0.1875,0.1875,0.1875,0.1875,0.1875,,,
2.21002411842346,0,0.1875,0.1875,0.1875,0.1875,0.1875,0.1875,,,
2.21202707290649,0,0.1875,0.1875,0.1875,0.1875,0.1875,0.1875,,,
2.21403002738953,0,0.1875,0.1875,0.1875,0.1875,0.1875,0.1875,,,
2.21603107452393,0,0.1875,0.1875,0.1875,0.1875,0.1875,0.1875,,,
2.21803307533264,0,0.1875,0.1875,0.1875,0.1875,0.1875,0.1875,,,
2.22003412246704,0,0.1875,0.1875,0.1875,0.1875,0.1875,0.1875,,,
2.22203707695007,0,0.1875,0.1875,0.1875,0.1875,0.1875,0.1875,,,
2.22403693199158,0,0.1875,0.1875,0.1875,0.1875,0.1875,0.1875,,,
2.22604012489319,0,0.1875,0.1875,0.1875,0.1875,0.1875,0.1875,,,
2.22804307937622,0,0.1875,0.1875,0.1875,0.1875,0.1875,0.1875,,,
2.23004293441772,0,0.1875,0.1875,0.1875,0.1875,0.1875,0.1875,,,
2.23204612731934,0,0.1875,0.1875,0.1875,0.1875,0.1875,0.1875,,,
2.23404598236084,0,0.1875,0.1875,0.1875,0.1875,0.1875,0.1875,,,
2.23604893684387,0,0.1875,0.1875,0.1875,0.1875,0.1875,0.1875,,,
2.23805093765259,0,0.1875,0.1875,0.1875,0.1875,0.1875,0.1875,,,
2.24005198478699,0,0.1875,0.1875,0.1875,0.1875,0.1875,0.1875,,,
2.24205493927002,0,0.1875,0.1875,0.1875,0.1875,0.1875,0.1875,,,
2.2440550327301,0,0.1875,0.1875,0.1875,0.1875,0.1875,0.1875,,,
2.24605798721313,0,0.1875,0.1875,0.1875,0.1875,0.1875,0.1875,,,
2.24805808067322,0,0.1875,0.1875,0.1875,0.1875,0.1875,0.1875,,,
2.25006103515625,0,0.1875,0.1875,0.1875,0.1875,0.1875,0.1875,,,
2.25206398963928,0,0.1875,0.1875,0.1875,0.1875,0.1875,0.1875,,,
2.25406408309937,0,0.1875,0.1875,0.1875,0.1875,0.1875,0.1875,,,
2.2560670375824,0,0.1875,0.1875,0.1875,0.1875,0.1875,0.1875,,,
2.25806713104248,0,0.1875,0.1875,0.1875,0.1875,0.1875,0.1875,,,
2.26007008552551,0,0.1875,0.1875,0.1875,0.1875,0.1875,0.1875,,,
2.26207304000854,0,0.1875,0.1875,0.1875,0.1875,0.1875,0.1875,,,
2.26407313346863,0,0.1875,0.1875,0.1875,0.1875,0.1875,0.1875,,,
2.26607608795166,0,0.1875,0.1875,0.1875,0.1875,0.1875,0.1875,,,
2.26807594299316,0,0.1875,0.1875,0.1875,0.1875,0.1875,0.1875,,,
2.27007913589478,0,0.1875,0.1875,0.1875,0.1875,0.1875,0.1875,,,
2.27208209037781,0,0.1875,0.1875,0.1875,0.1875,0.1875,0.1875,,,
2.27408194541931,0,0.1875,0.1875,0.1875,0.1875,0.1875,0.1875,,,
2.27608513832092,0,0.1875,0.1875,0.1875,0.1875,0.1875,0.1875,,,
2.27808499336243,0,0.1875,0.1875,0.1875,0.1875,0.1875,0.1875,,,
2.28008794784546,0,0.1875,0.1875,0.1875,0.1875,0.1875,0.1875,,,
2.28209114074707,0,0.1875,0.1875,0.1875,0.1875,0.1875,0.1875,,,
2.28409099578857,0,0.1875,0.1875,0.1875,0.1875,0.1875,0.1875,,,
2.28609395027161,0,0.1875,0.1875,0.1875,0.1875,0.1875,0.1875,,,
2.28809404373169,0,0.1875,0.1875,0.1875,0.1875,0.1875,0.1875,,,
2.29009699821472,0,0.1875,0.1875,0.1875,0.1875,0.1875,0.1875,,,
2.2920970916748,0,0.1875,0.1875,0.1875,0.1875,0.1875,0.1875,,,
2.29410004615784,0,0.1875,0.1875,0.1875,0.1875,0.1875,0.1875,,,
2.29610013961792,0,0.1875,0.1875,0.1875,0.1875,0.1875,0.1875,,,
2.29810309410095,0,0.1875,0.1875,0.1875,0.1875,0.1875,0.1875,,,
2.30010604858398,0,0.1875,0.1875,0.1875,0.1875,0.1875,0.1875,,,
2.30210590362549,0,0.1875,0.1875,0.1875,0.1875,0.1875,0.1875,,,
2.3041090965271,0,0.1875,0.1875,0.1875,0.1875,0.1875,0.1875,,,
2.3061089515686,0,0.1875,0.1875,0.1875,0.1875,0.1875,0.1875,,,
2.30811190605164,0,0.1875,0.1875,0.1875,0.1875,0.1875,0.1875,,,
2.31011295318604,0,0.1875,0.1875,0.1875,0.1875,0.1875,0.1875,,,
2.31211495399475,0,0.1875,0.1875,0.1875,0.1875,0.1875,0.1875,,,
2.31411790847778,0,0.1875,0.1875,0.1875,0.1875,0.1875,0.1875,,,
2.31611800193787,0,0.1875,0.1875,0.1875,0.1875,0.1875,0.1875,,,
2.3181209564209,0,0.1875,0.1875,0.1875,0.1875,0.1875,0.1875,,,
2.32012104988098,0,0.1875,0.1875,0.1875,0.1875,0.1875,0.1875,,,
2.32212400436401,0,0.1875,0.1875,0.1875,0.1875,0.1875,0.1875,,,
2.32412505149841,0,0.1875,0.1875,0.1875,0.1875,0.1875,0.1875,,,
2.32612800598145,0,0.1875,0.1875,0.1875,0.1875,0.1875,0.1875,,,
2.32812809944153,0,0.1875,0.1875,0.1875,0.1875,0.1875,0.1875,,,
2.33013105392456,0,0.1875,0.1875,0.1875,0.1875,0.1875,0.1875,,,
2.33213400840759,0,0.1875,0.1875,0.1875,0.1875,0.1875,0.1875,,,
2.33413410186768,0,0.1875,0.1875,0.1875,0.1875,0.1875,0.1875,,,
2.33613705635071,0,0.1875,0.1875,0.1875,0.1875,0.1875,0.1875,,,
2.33813691139221,0,0.1875,0.1875,0.1875,0.1875,0.1875,0.1875,,,
2.34014010429382,0,0.1875,0.1875,0.1875,0.1875,0.1875,0.1875,,,
2.34214091300964,0,0.1875,0.1875,0.1875,0.1875,0.1875,0.1875,,,
2.34414291381836,0,0.1875,0.1875,0.1875,0.1875,0.1875,0.1875,,,
2.34614610671997,0,0.1875,0.1875,0.1875,0.1875,0.1875,0.1875,,,
2.34814596176147,0,0.1875,0.1875,0.1875,0.1875,0.1875,0.1875,,,
2.35014891624451,0,0.1875,0.1875,0.1875,0.1875,0.1875,0.1875,,,
2.35214900970459,0,0.1875,0.1875,0.1875,0.1875,0.1875,0.1875,,,
2.35415196418762,0,0.1875,0.1875,0.1875,0.1875,0.1875,0.1875,,,
2.35615491867065,0,0.1875,0.1875,0.1875,0.1875,0.1875,0.1875,,,
2.35815501213074,0,0.1875,0.1875,0.1875,0.1875,0.1875,0.1875,,,
2.36015796661377,0,0.1875,0.1875,0.1875,0.1875,0.1875,0.1875,,,
2.3621609210968,0,0.1875,0.1875,0.1875,0.1875,0.1875,0.1875,,,
2.36416101455688,0,0.1875,0.1875,0.1875,0.1875,0.1875,0.1875,,,
2.36616396903992,0,0.1875,0.1875,0.1875,0.1875,0.1875,0.1875,,,
2.36816501617432,0,0.1875,0.1875,0.1875,0.1875,0.1875,0.1875,,,
2.37016701698303,0,0.1875,0.1875,0.1875,0.1875,0.1875,0.1875,,,
2.37216997146606,0,0.1875,0.1875,0.1875,0.1875,0.1875,0.1875,,,
2.37417101860046,0,0.1875,0.1875,0.1875,0.1875,0.1875,0.1875,,,
2.37617301940918,0,0.1875,0.1875,0.1875,0.1875,0.1875,0.1875,,,
2.37817406654358,0,0.1875,0.1875,0.1875,0.1875,0.1875,0.1875,,,
2.38017702102661,0,0.1875,0.1875,0.1875,0.1875,0.1875,0.1875,,,
2.38217902183533,0,0.1875,0.1875,0.1875,0.1875,0.1875,0.1875,,,
2.38418006896973,0,0.1875,0.1875,0.1875,0.1875,0.1875,0.1875,,,
2.38618302345276,0,0.1875,0.1875,0.1875,0.1875,0.1875,0.1875,,,
2.38818311691284,0,0.1875,0.1875,0.1875,0.1875,0.1875,0.1875,,,
2.39018607139587,0,0.1875,0.1875,0.1875,0.1875,0.1875,0.1875,,,
2.39218592643738,0,0.1875,0.1875,0.1875,0.1875,0.1875,0.1875,,,
2.39418911933899,0,0.1875,0.1875,0.1875,0.1875,0.1875,0.1875,,,
2.39619207382202,0,0.1875,0.1875,0.1875,0.1875,0.1875,0.1875,,,
2.39819192886353,0,0.1875,0.1875,0.1875,0.1875,0.1875,0.1875,,,
2.40019512176514,0,0.1875,0.1875,0.1875,0.1875,0.1875,0.1875,,,
2.40219497680664,0,0.1875,0.1875,0.1875,0.1875,0.1875,0.1875,,,
2.40419793128967,0,0.1875,0.1875,0.1875,0.1875,0.1875,0.1875,,,
2.40619802474976,0,0.1875,0.1875,0.1875,0.1875,0.1875,0.1875,,,
2.40820097923279,0,0.1875,0.1875,0.1875,0.1875,0.1875,0.1875,,,
2.41020393371582,0,0.1875,0.1875,0.1875,0.1875,0.1875,0.1875,,,
2.4122040271759,0,0.1875,0.1875,0.1875,0.1875,0.1875,0.1875,,,
2.41420698165894,0,0.1875,0.1875,0.1875,0.1875,0.1875,0.1875,,,
2.41620707511902,0,0.1875,0.1875,0.1875,0.1875,0.1875,0.1875,,,
2.41821002960205,0,0.1875,0.1875,0.1875,0.1875,0.1875,0.1875,,,
2.42021012306213,0,0.1875,0.1875,0.1875,0.1875,0.1875,0.1875,,,
2.42221307754517,0,0.1875,0.1875,0.1875,0.1875,0.1875,0.1875,,,
2.4242160320282,0,0.1875,0.1875,0.1875,0.1875,0.1875,0.1875,,,
2.42621612548828,0,0.1875,0.1875,0.1875,0.1875,0.1875,0.1875,,,
2.42821907997131,0,0.1875,0.1875,0.1875,0.1875,0.1875,0.1875,,,
2.43022203445435,0,0.1875,0.1875,0.1875,0.1875,0.1875,0.1875,,,
2.43222212791443,0,0.1875,0.1875,0.1875,0.1875,0.1875,0.1875,,,
2.43422508239746,0,0.1875,0.1875,0.1875,0.1875,0.1875,0.1875,,,
2.43622493743896,0,0.1875,0.1875,0.1875,0.1875,0.1875,0.1875,,,
2.43822813034058,0,0.1875,0.1875,0.1875,0.1875,0.1875,0.1875,,,
2.44023108482361,0,0.1875,0.1875,0.1875,0.1875,0.1875,0.1875,,,
2.44223093986511,0,0.1875,0.1875,0.1875,0.1875,0.1875,0.1875,,,
2.44423413276672,0,0.1875,0.1875,0.1875,0.1875,0.1875,0.1875,,,
2.44623398780823,0,0.1875,0.1875,0.1875,0.1875,0.1875,0.1875,,,
2.44823694229126,0,0.1875,0.1875,0.1875,0.1875,0.1875,0.1875,,,
2.45024013519287,0,0.1875,0.1875,0.1875,0.1875,0.1875,0.1875,,,
2.45223999023438,0,0.1875,0.1875,0.1875,0.1875,0.1875,0.1875,,,
2.45424294471741,0,0.1875,0.1875,0.1875,0.1875,0.1875,0.1875,,,
2.45624399185181,0,0.1875,0.1875,0.1875,0.1875,0.1875,0.1875,,,
2.45824599266052,0,0.1875,0.1875,0.1875,0.1875,0.1875,0.1875,,,
2.46024894714355,0,0.1875,0.1875,0.1875,0.1875,0.1875,0.1875,,,
2.46224999427795,0,0.1875,0.1875,0.1875,0.1875,0.1875,0.1875,,,
2.46425199508667,0,0.1875,0.1875,0.1875,0.1875,0.1875,0.1875,,,
2.4662549495697,0,0.1875,0.1875,0.1875,0.1875,0.1875,0.1875,,,
2.46825504302979,0,0.1875,0.1875,0.1875,0.1875,0.1875,0.1875,,,
2.47027111053467,0,0.1875,0.1875,0.1875,0.1875,0.1875,0.1875,,,
2.47227096557617,0,0.1875,0.1875,0.1875,0.1875,0.1875,0.1875,,,
2.4742739200592,0,0.1875,0.1875,0.1875,0.1875,0.1875,0.1875,,,
2.47627711296082,0,0.1875,0.1875,0.1875,0.1875,0.1875,0.1875,,,
2.47827696800232,0,0.1875,0.1875,0.1875,0.1875,0.1875,0.1875,,,
2.48027992248535,0,0.1875,0.1875,0.1875,0.1875,0.1875,0.1875,,,
2.48228096961975,0,0.1875,0.1875,0.1875,0.1875,0.1875,0.1875,,,
2.48428297042847,0,0.1875,0.1875,0.1875,0.1875,0.1875,0.1875,,,
2.4862859249115,0,0.1875,0.1875,0.1875,0.1875,0.1875,0.1875,,,
2.48828601837158,0,0.1875,0.1875,0.1875,0.1875,0.1875,0.1875,,,
2.49028897285461,0,0.1875,0.1875,0.1875,0.1875,0.1875,0.1875,,,
2.49229192733765,0,0.1875,0.1875,0.1875,0.1875,0.1875,0.1875,,,
2.49429202079773,0,0.1875,0.1875,0.1875,0.1875,0.1875,0.1875,,,
2.49629497528076,0,0.1875,0.1875,0.1875,0.1875,0.1875,0.1875,,,
2.49829506874084,0,0.1875,0.1875,0.1875,0.1875,0.1875,0.1875,,,
2.50029802322388,0,0.1875,0.1875,0.1875,0.1875,0.1875,0.1875,,,
2.50230097770691,0,0.1875,0.1875,0.1875,0.1875,0.1875,0.1875,,,
2.50430107116699,0,0.1875,0.1875,0.1875,0.1875,0.1875,0.1875,,,
2.50630402565002,0,0.1875,0.1875,0.1875,0.1875,0.1875,0.1875,,,
2.50830698013306,0,0.1875,0.1875,0.1875,0.1875,0.1875,0.1875,,,
2.51030707359314,0,0.1875,0.1875,0.1875,0.1875,0.1875,0.1875,,,
2.51231002807617,0,0.1875,0.1875,0.1875,0.1875,0.1875,0.1875,,,
2.51431012153625,0,0.1875,0.1875,0.1875,0.1875,0.1875,0.1875,,,
2.51631307601929,0,0.1875,0.1875,0.1875,0.1875,0.1875,0.1875,,,
2.51831603050232,0,0.1875,0.1875,0.1875,0.1875,0.1875,0.1875,,,
2.5203161239624,0,0.1875,0.1875,0.1875,0.1875,0.1875,0.1875,,,
2.52231907844543,0,0.1875,0.1875,0.1875,0.1875,0.1875,0.1875,,,
2.52432203292847,0,0.1875,0.1875,0.1875,0.1875,0.1875,0.1875,,,
2.52632212638855,0,0.1875,0.1875,0.1875,0.1875,0.1875,0.1875,,,
2.52832508087158,0,0.1875,0.1875,0.1875,0.1875,0.1875,0.1875,,,
2.53032493591309,0,0.1875,0.1875,0.1875,0.1875,0.1875,0.1875,,,
2.5323281288147,0,0.1875,0.1875,0.1875,0.1875,0.1875,0.1875,,,
2.53433108329773,0,0.1875,0.1875,0.1875,0.1875,0.1875,0.1875,,,
2.53633093833923,0,0.1875,0.1875,0.1875,0.1875,0.1875,0.1875,,,
2.53833413124084,0,0.1875,0.1875,0.1875,0.1875,0.1875,0.1875,,,
2.54033398628235,0,0.1875,0.1875,0.1875,0.1875,0.1875,0.1875,,,
2.54233694076538,0,0.1875,0.1875,0.1875,0.1875,0.1875,0.1875,,,
2.54434013366699,0,0.1875,0.1875,0.1875,0.1875,0.1875,0.1875,,,
2.5463399887085,0,0.1875,0.1875,0.1875,0.1875,0.1875,0.1875,,,
2.54834294319153,0,0.1875,0.1875,0.1875,0.1875,0.1875,0.1875,,,
2.55034303665161,0,0.1875,0.1875,0.1875,0.1875,0.1875,0.1875,,,
2.55234599113464,0,0.1875,0.1875,0.1875,0.1875,0.1875,0.1875,,,
2.55434894561768,0,0.1875,0.1875,0.1875,0.1875,0.1875,0.1875,,,
2.55634903907776,0,0.1875,0.1875,0.1875,0.1875,0.1875,0.1875,,,
2.55835199356079,0,0.1875,0.1875,0.1875,0.1875,0.1875,0.1875,,,
2.56035494804382,0,0.1875,0.1875,0.1875,0.1875,0.1875,0.1875,,,
2.56235504150391,0,0.1875,0.1875,0.1875,0.1875,0.1875,0.1875,,,
2.56435799598694,0,0.1875,0.1875,0.1875,0.1875,0.1875,0.1875,,,
2.56635808944702,0,0.1875,0.1875,0.1875,0.1875,0.1875,0.1875,,,
2.56836104393005,0,0.1875,0.1875,0.1875,0.1875,0.1875,0.1875,,,
2.57036399841309,0,0.1875,0.1875,0.1875,0.1875,0.1875,0.1875,,,
2.57236409187317,0,0.1875,0.1875,0.1875,0.1875,0.1875,0.1875,,,
2.5743670463562,0,0.1875,0.1875,0.1875,0.1875,0.1875,0.1875,,,
2.57637000083923,0,0.1875,0.1875,0.1875,0.1875,0.1875,0.1875,,,
2.57837009429932,0,0.1875,0.1875,0.1875,0.1875,0.1875,0.1875,,,
2.58037304878235,0,0.1875,0.1875,0.1875,0.1875,0.1875,0.1875,,,
2.58237290382385,0,0.1875,0.1875,0.1875,0.1875,0.1875,0.1875,,,
2.58437609672546,0,0.1875,0.1875,0.1875,0.1875,0.1875,0.1875,,,
2.5863790512085,0,0.1875,0.1875,0.1875,0.1875,0.1875,0.1875,,,
2.58837890625,0,0.1875,0.1875,0.1875,0.1875,0.1875,0.1875,,,
2.59038209915161,0,0.1875,0.1875,0.1875,0.1875,0.1875,0.1875,,,
2.59238505363464,0,0.1875,0.1875,0.1875,0.1875,0.1875,0.1875,,,
2.59438490867615,0,0.1875,0.1875,0.1875,0.1875,0.1875,0.1875,,,
2.59638810157776,0,0.1875,0.1875,0.1875,0.1875,0.1875,0.1875,,,
2.59838795661926,0,0.1875,0.1875,0.1875,0.1875,0.1875,0.1875,,,
2.60039091110229,0,0.1875,0.1875,0.1875,0.1875,0.1875,0.1875,,,
2.60239100456238,0,0.1875,0.1875,0.1875,0.1875,0.1875,0.1875,,,
2.60439395904541,0,0.1875,0.1875,0.1875,0.1875,0.1875,0.1875,,,
2.60639691352844,0,0.1875,0.1875,0.1875,0.1875,0.1875,0.1875,,,
2.60839700698853,0,0.1875,0.1875,0.1875,0.1875,0.1875,0.1875,,,
2.61039996147156,0,0.1875,0.1875,0.1875,0.1875,0.1875,0.1875,,,
2.61240291595459,0,0.1875,0.1875,0.1875,0.1875,0.1875,0.1875,,,
2.61440300941467,0,0.1875,0.1875,0.1875,0.1875,0.1875,0.1875,,,
2.61640596389771,0,0.1875,0.1875,0.1875,0.1875,0.1875,0.1875,,,
2.6184070110321,0,0.1875,0.1875,0.1875,0.1875,0.1875,0.1875,,,
2.62040901184082,0,0.1875,0.1875,0.1875,0.1875,0.1875,0.1875,,,
2.62241196632385,0,0.1875,0.1875,0.1875,0.1875,0.1875,0.1875,,,
2.62441301345825,0,0.1875,0.1875,0.1875,0.1875,0.1875,0.1875,,,
2.62641596794128,0,0.1875,0.1875,0.1875,0.1875,0.1875,0.1875,,,
2.62841606140137,0,0.1875,0.1875,0.1875,0.1875,0.1875,0.1875,,,
2.6304190158844,0,0.1875,0.1875,0.1875,0.1875,0.1875,0.1875,,,
2.63242101669312,0,0.1875,0.1875,0.1875,0.1875,0.1875,0.1875,,,
2.63442206382751,0,0.1875,0.1875,0.1875,0.1875,0.1875,0.1875,,,
2.63642501831055,0,0.1875,0.1875,0.1875,0.1875,0.1875,0.1875,,,
2.63842701911926,0,0.1875,0.1875,0.1875,0.1875,0.1875,0.1875,,,
2.64042806625366,0,0.1875,0.1875,0.1875,0.1875,0.1875,0.1875,,,
2.64243102073669,0,0.1875,0.1875,0.1875,0.1875,0.1875,0.1875,,,
2.64443111419678,0,0.1875,0.1875,0.1875,0.1875,0.1875,0.1875,,,
2.64643406867981,0,0.1875,0.1875,0.1875,0.1875,0.1875,0.1875,,,
2.64843606948853,0,0.1875,0.1875,0.1875,0.1875,0.1875,0.1875,,,
2.65043711662292,0,0.1875,0.1875,0.1875,0.1875,0.1875,0.1875,,,
2.65244007110596,0,0.1875,0.1875,0.1875,0.1875,0.1875,0.1875,,,
2.65444302558899,0,0.1875,0.1875,0.1875,0.1875,0.1875,0.1875,,,
2.65644311904907,0,0.1875,0.1875,0.1875,0.1875,0.1875,0.1875,,,
2.6584460735321,0,0.1875,0.1875,0.1875,0.1875,0.1875,0.1875,,,
2.66044592857361,0,0.1875,0.1875,0.1875,0.1875,0.1875,0.1875,,,
2.66244912147522,0,0.1875,0.1875,0.1875,0.1875,0.1875,0.1875,,,
2.66445207595825,0,0.1875,0.1875,0.1875,0.1875,0.1875,0.1875,,,
2.66645193099976,0,0.1875,0.1875,0.1875,0.1875,0.1875,0.1875,,,
2.66845512390137,0,0.1875,0.1875,0.1875,0.1875,0.1875,0.1875,,,
2.67045712471008,0,0.1875,0.1875,0.1875,0.1875,0.1875,0.1875,,,
2.6724579334259,0,0.1875,0.1875,0.1875,0.1875,0.1875,0.1875,,,
2.67446112632751,0,0.1875,0.1875,0.1875,0.1875,0.1875,0.1875,,,
2.67646098136902,0,0.1875,0.1875,0.1875,0.1875,0.1875,0.1875,,,
2.67846393585205,0,0.1875,0.1875,0.1875,0.1875,0.1875,0.1875,,,
2.68046712875366,0,0.1875,0.1875,0.1875,0.1875,0.1875,0.1875,,,
2.68246698379517,0,0.1875,0.1875,0.1875,0.1875,0.1875,0.1875,,,
2.6844699382782,0,0.1875,0.1875,0.1875,0.1875,0.1875,0.1875,,,
2.68647003173828,0,0.1875,0.1875,0.1875,0.1875,0.1875,0.1875,,,
2.68847298622131,0,0.1875,0.1875,0.1875,0.1875,0.1875,0.1875,,,
2.6904730796814,0,0.1875,0.1875,0.1875,0.1875,0.1875,0.1875,,,
2.69247603416443,0,0.1875,0.1875,0.1875,0.1875,0.1875,0.1875,,,
2.69447898864746,0,0.1875,0.1875,0.1875,0.1875,0.1875,0.1875,,,
2.69647908210754,0,0.1875,0.1875,0.1875,0.1875,0.1875,0.1875,,,
2.69848203659058,0,0.1875,0.1875,0.1875,0.1875,0.1875,0.1875,,,
2.70048213005066,0,0.1875,0.1875,0.1875,0.1875,0.1875,0.1875,,,
2.70248508453369,0,0.1875,0.1875,0.1875,0.1875,0.1875,0.1875,,,
2.70448803901672,0,0.1875,0.1875,0.1875,0.1875,0.1875,0.1875,,,
2.70648813247681,0,0.1875,0.1875,0.1875,0.1875,0.1875,0.1875,,,
2.70849108695984,0,0.1875,0.1875,0.1875,0.1875,0.1875,0.1875,,,
2.71049404144287,0,0.1875,0.1875,0.1875,0.1875,0.1875,0.1875,,,
2.71249413490295,0,0.1875,0.1875,0.1875,0.1875,0.1875,0.1875,,,
2.71449708938599,0,0.1875,0.1875,0.1875,0.1875,0.1875,0.1875,,,
2.71650004386902,0,0.1875,0.1875,0.1875,0.1875,0.1875,0.1875,,,
2.7185001373291,0,0.1875,0.1875,0.1875,0.1875,0.1875,0.1875,,,
2.72050309181213,0,0.1875,0.1875,0.1875,0.1875,0.1875,0.1875,,,
2.72250413894653,0,0.1875,0.1875,0.1875,0.1875,0.1875,0.1875,,,
2.72450613975525,0,0.1875,0.1875,0.1875,0.1875,0.1875,0.1875,,,
2.72650909423828,0,0.1875,0.1875,0.1875,0.1875,0.1875,0.1875,,,
2.72850894927979,0,0.1875,0.1875,0.1875,0.1875,0.1875,0.1875,,,
2.73051190376282,0,0.1875,0.1875,0.1875,0.1875,0.1875,0.1875,,,
2.73251509666443,0,0.1875,0.1875,0.1875,0.1875,0.1875,0.1875,,,
2.73451495170593,0,0.1875,0.1875,0.1875,0.1875,0.1875,0.1875,,,
2.73651790618896,0,0.1875,0.1875,0.1875,0.1875,0.1875,0.1875,,,
2.73851799964905,0,0.1875,0.1875,0.1875,0.1875,0.1875,0.1875,,,
2.74052095413208,0,0.1875,0.1875,0.1875,0.1875,0.1875,0.1875,,,
2.74252390861511,0,0.1875,0.1875,0.1875,0.1875,0.1875,0.1875,,,
2.7445240020752,0,0.1875,0.1875,0.1875,0.1875,0.1875,0.1875,,,
2.74652695655823,0,0.1875,0.1875,0.1875,0.1875,0.1875,0.1875,,,
2.74852991104126,0,0.1875,0.1875,0.1875,0.1875,0.1875,0.1875,,,
2.75053000450134,0,0.1875,0.1875,0.1875,0.1875,0.1875,0.1875,,,
2.75253295898438,0,0.1875,0.1875,0.1875,0.1875,0.1875,0.1875,,,
2.75453305244446,0,0.1875,0.1875,0.1875,0.1875,0.1875,0.1875,,,
2.75653600692749,0,0.1875,0.1875,0.1875,0.1875,0.1875,0.1875,,,
2.75853896141052,0,0.1875,0.1875,0.1875,0.1875,0.1875,0.1875,,,
2.76053905487061,0,0.1875,0.1875,0.1875,0.1875,0.1875,0.1875,,,
2.76254200935364,0,0.1875,0.1875,0.1875,0.1875,0.1875,0.1875,,,
2.76454210281372,0,0.1875,0.1875,0.1875,0.1875,0.1875,0.1875,,,
2.76654505729675,0,0.1875,0.1875,0.1875,0.1875,0.1875,0.1875,,,
2.76854610443115,0,0.1875,0.1875,0.1875,0.1875,0.1875,0.1875,,,
2.77054810523987,0,0.1875,0.1875,0.1875,0.1875,0.1875,0.1875,,,
2.7725510597229,0,0.1875,0.1875,0.1875,0.1875,0.1875,0.1875,,,
2.7745509147644,0,0.1875,0.1875,0.1875,0.1875,0.1875,0.1875,,,
2.77655410766602,0,0.1875,0.1875,0.1875,0.1875,0.1875,0.1875,,,
2.77855706214905,0,0.1875,0.1875,0.1875,0.1875,0.1875,0.1875,,,
2.78055691719055,0,0.1875,0.1875,0.1875,0.1875,0.1875,0.1875,,,
2.78256011009216,0,0.1875,0.1875,0.1875,0.1875,0.1875,0.1875,,,
2.78455996513367,0,0.1875,0.1875,0.1875,0.1875,0.1875,0.1875,,,
2.7865629196167,0,0.1875,0.1875,0.1875,0.1875,0.1875,0.1875,,,
2.78856611251831,0,0.1875,0.1875,0.1875,0.1875,0.1875,0.1875,,,
2.79056596755981,0,0.1875,0.1875,0.1875,0.1875,0.1875,0.1875,,,
2.79256892204285,0,0.1875,0.1875,0.1875,0.1875,0.1875,0.1875,,,
2.79456901550293,0,0.1875,0.1875,0.1875,0.1875,0.1875,0.1875,,,
2.79657196998596,0,0.1875,0.1875,0.1875,0.1875,0.1875,0.1875,,,
2.79857492446899,0,0.1875,0.1875,0.1875,0.1875,0.1875,0.1875,,,
2.80057501792908,0,0.1875,0.1875,0.1875,0.1875,0.1875,0.1875,,,
2.80257797241211,0,0.1875,0.1875,0.1875,0.1875,0.1875,0.1875,,,
2.80457901954651,0,0.1875,0.1875,0.1875,0.1875,0.1875,0.1875,,,
2.80658102035522,0,0.1875,0.1875,0.1875,0.1875,0.1875,0.1875,,,
2.80858397483826,0,0.1875,0.1875,0.1875,0.1875,0.1875,0.1875,,,
2.81058406829834,0,0.1875,0.1875,0.1875,0.1875,0.1875,0.1875,,,
2.81258702278137,0,0.1875,0.1875,0.1875,0.1875,0.1875,0.1875,,,
2.8145899772644,0,0.1875,0.1875,0.1875,0.1875,0.1875,0.1875,,,
2.81659007072449,0,0.1875,0.1875,0.1875,0.1875,0.1875,0.1875,,,
2.81859302520752,0,0.1875,0.1875,0.1875,0.1875,0.1875,0.1875,,,
2.8205931186676,0,0.1875,0.1875,0.1875,0.1875,0.1875,0.1875,,,
2.82259607315063,0,0.1875,0.1875,0.1875,0.1875,0.1875,0.1875,,,
2.82459902763367,0,0.1875,0.1875,0.1875,0.1875,0.1875,0.1875,,,
2.82659912109375,0,0.1875,0.1875,0.1875,0.1875,0.1875,0.1875,,,
2.82860207557678,0,0.1875,0.1875,0.1875,0.1875,0.1875,0.1875,,,
2.83060193061829,0,0.1875,0.1875,0.1875,0.1875,0.1875,0.1875,,,
2.8326051235199,0,0.1875,0.1875,0.1875,0.1875,0.1875,0.1875,,,
2.8346049785614,0,0.1875,0.1875,0.1875,0.1875,0.1875,0.1875,,,
2.83660793304443,0,0.1875,0.1875,0.1875,0.1875,0.1875,0.1875,,,
2.83861112594604,0,0.1875,0.1875,0.1875,0.1875,0.1875,0.1875,,,
2.84061098098755,0,0.1875,0.1875,0.1875,0.1875,0.1875,0.1875,,,
2.84261393547058,0,0.1875,0.1875,0.1875,0.1875,0.1875,0.1875,,,
2.84461402893066,0,0.1875,0.1875,0.1875,0.1875,0.1875,0.1875,,,
2.8466169834137,0,0.1875,0.1875,0.1875,0.1875,0.1875,0.1875,,,
2.84861707687378,0,0.1875,0.1875,0.1875,0.1875,0.1875,0.1875,,,
2.85062003135681,0,0.1875,0.1875,0.1875,0.1875,0.1875,0.1875,,,
2.85262298583984,0,0.1875,0.1875,0.1875,0.1875,0.1875,0.1875,,,
2.85462307929993,0,0.1875,0.1875,0.1875,0.1875,0.1875,0.1875,,,
2.85662603378296,0,0.1875,0.1875,0.1875,0.1875,0.1875,0.1875,,,
2.85862708091736,0,0.1875,0.1875,0.1875,0.1875,0.1875,0.1875,,,
2.86062908172607,0,0.1875,0.1875,0.1875,0.1875,0.1875,0.1875,,,
2.86263012886047,0,0.1875,0.1875,0.1875,0.1875,0.1875,0.1875,,,
2.86463308334351,0,0.1875,0.1875,0.1875,0.1875,0.1875,0.1875,,,
2.86663293838501,0,0.1875,0.1875,0.1875,0.1875,0.1875,0.1875,,,
2.86863613128662,0,0.1875,0.1875,0.1875,0.1875,0.1875,0.1875,,,
2.87063908576965,0,0.1875,0.1875,0.1875,0.1875,0.1875,0.1875,,,
2.87263894081116,0,0.1875,0.1875,0.1875,0.1875,0.1875,0.1875,,,
2.87464213371277,0,0.1875,0.1875,0.1875,0.1875,0.1875,0.1875,,,
2.87664198875427,0,0.1875,0.1875,0.1875,0.1875,0.1875,0.1875,,,
2.8786449432373,0,0.1875,0.1875,0.1875,0.1875,0.1875,0.1875,,,
2.88064503669739,0,0.1875,0.1875,0.1875,0.1875,0.1875,0.1875,,,
2.88264799118042,0,0.1875,0.1875,0.1875,0.1875,0.1875,0.1875,,,
2.88464903831482,0,0.1875,0.1875,0.1875,0.1875,0.1875,0.1875,,,
2.88665103912354,0,0.1875,0.1875,0.1875,0.1875,0.1875,0.1875,,,
2.88865399360657,0,0.1875,0.1875,0.1875,0.1875,0.1875,0.1875,,,
2.89065408706665,0,0.1875,0.1875,0.1875,0.1875,0.1875,0.1875,,,
2.89265704154968,0,0.1875,0.1875,0.1875,0.1875,0.1875,0.1875,,,
2.89465808868408,0,0.1875,0.1875,0.1875,0.1875,0.1875,0.1875,,,
2.8966600894928,0,0.1875,0.1875,0.1875,0.1875,0.1875,0.1875,,,
2.89866304397583,0,0.1875,0.1875,0.1875,0.1875,0.1875,0.1875,,,
2.90066313743591,0,0.1875,0.1875,0.1875,0.1875,0.1875,0.1875,,,
2.90266609191895,0,0.1875,0.1875,0.1875,0.1875,0.1875,0.1875,,,
2.90466594696045,0,0.1875,0.1875,0.1875,0.1875,0.1875,0.1875,,,
2.90666913986206,0,0.1875,0.1875,0.1875,0.1875,0.1875,0.1875,,,
2.90867209434509,0,0.1875,0.1875,0.1875,0.1875,0.1875,0.1875,,,
2.9106719493866,0,0.1875,0.1875,0.1875,0.1875,0.1875,0.1875,,,
2.91267490386963,0,0.1875,0.1875,0.1875,0.1875,0.1875,0.1875,,,
2.91467499732971,0,0.1875,0.1875,0.1875,0.1875,0.1875,0.1875,,,
2.91667795181274,0,0.1875,0.1875,0.1875,0.1875,0.1875,0.1875,,,
2.91868090629578,0,0.1875,0.1875,0.1875,0.1875,0.1875,0.1875,,,
2.92068099975586,0,0.1875,0.1875,0.1875,0.1875,0.1875,0.1875,,,
2.92268395423889,0,0.1875,0.1875,0.1875,0.1875,0.1875,0.1875,,,
2.92468404769897,0,0.1875,0.1875,0.1875,0.1875,0.1875,0.1875,,,
2.92668700218201,0,0.1875,0.1875,0.1875,0.1875,0.1875,0.1875,,,
2.92868995666504,0,0.1875,0.1875,0.1875,0.1875,0.1875,0.1875,,,
2.93069005012512,0,0.1875,0.1875,0.1875,0.1875,0.1875,0.1875,,,
2.93269300460815,0,0.1875,0.1875,0.1875,0.1875,0.1875,0.1875,,,
2.93469309806824,0,0.1875,0.1875,0.1875,0.1875,0.1875,0.1875,,,
2.93669605255127,0,0.1875,0.1875,0.1875,0.1875,0.1875,0.1875,,,
2.9386990070343,0,0.1875,0.1875,0.1875,0.1875,0.1875,0.1875,,,
2.94069910049438,0,0.1875,0.1875,0.1875,0.1875,0.1875,0.1875,,,
2.94270205497742,0,0.1875,0.1875,0.1875,0.1875,0.1875,0.1875,,,
2.94470191001892,0,0.1875,0.1875,0.1875,0.1875,0.1875,0.1875,,,
2.94670510292053,0,0.1875,0.1875,0.1875,0.1875,0.1875,0.1875,,,
2.94870805740356,0,0.1875,0.1875,0.1875,0.1875,0.1875,0.1875,,,
2.95070791244507,0,0.1875,0.1875,0.1875,0.1875,0.1875,0.1875,,,
2.95271110534668,0,0.1875,0.1875,0.1875,0.1875,0.1875,0.1875,,,
2.95471096038818,0,0.1875,0.1875,0.1875,0.1875,0.1875,0.1875,,,
2.95671391487122,0,0.1875,0.1875,0.1875,0.1875,0.1875,0.1875,,,
2.95871710777283,0,0.1875,0.1875,0.1875,0.1875,0.1875,0.1875,,,
2.96071696281433,0,0.1875,0.1875,0.1875,0.1875,0.1875,0.1875,,,
2.96271991729736,0,0.1875,0.1875,0.1875,0.1875,0.1875,0.1875,,,
2.96472001075745,0,0.1875,0.1875,0.1875,0.1875,0.1875,0.1875,,,
2.96672296524048,0,0.1875,0.1875,0.1875,0.1875,0.1875,0.1875,,,
2.96885299682617,0,0.1875,0.1875,0.1875,0.1875,0.1875,0.1875,,,
2.9708559513092,0,0.1875,0.1875,0.1875,0.1875,0.1875,0.1875,,,
2.97285890579224,0,0.1875,0.1875,0.1875,0.1875,0.1875,0.1875,,,
2.97485899925232,0,0.1875,0.1875,0.1875,0.1875,0.1875,0.1875,,,
2.97686195373535,0,0.1875,0.1875,0.1875,0.1875,0.1875,0.1875,,,
2.97886300086975,0,0.1875,0.1875,0.1875,0.1875,0.1875,0.1875,,,
2.98086500167847,0,0.1875,0.1875,0.1875,0.1875,0.1875,0.1875,,,
2.98286604881287,0,0.1875,0.1875,0.1875,0.1875,0.1875,0.1875,,,
2.9848690032959,0,0.1875,0.1875,0.1875,0.1875,0.1875,0.1875,,,
2.98687100410461,0,0.1875,0.1875,0.1875,0.1875,0.1875,0.1875,,,
2.98887205123901,0,0.1875,0.1875,0.1875,0.1875,0.1875,0.1875,,,
2.99087500572205,0,0.1875,0.1875,0.1875,0.1875,0.1875,0.1875,,,
2.99287509918213,0,0.1875,0.1875,0.1875,0.1875,0.1875,0.1875,,,
2.99487805366516,0,0.1875,0.1875,0.1875,0.1875,0.1875,0.1875,,,
2.99688005447388,0,0.1875,0.1875,0.1875,0.1875,0.1875,0.1875,,,
2.99888110160828,0,0.1875,0.1875,0.1875,0.1875,0.1875,0.1875,,,
3.00088310241699,0,0.1875,0.1875,0.1875,0.1875,0.1875,0.1875,,,
3.00288605690002,0,0.1875,0.1875,0.1875,0.1875,0.1875,0.1875,,,
3.00488591194153,0,0.1875,0.1875,0.1875,0.1875,0.1875,0.1875,,,
3.00688910484314,0,0.1875,0.1875,0.1875,0.1875,0.1875,0.1875,,,
3.00888991355896,0,0.1875,0.1875,0.1875,0.1875,0.1875,0.1875,,,
3.01089310646057,0,0.1875,0.1875,0.1875,0.1875,0.1875,0.1875,,,
3.01289510726929,0,0.1875,0.1875,0.1875,0.1875,0.1875,0.1875,,,
3.01489591598511,0,0.1875,0.1875,0.1875,0.1875,0.1875,0.1875,,,
3.01689791679382,0,0.1875,0.1875,0.1875,0.1875,0.1875,0.1875,,,
3.01889896392822,0,0.1875,0.1875,0.1875,0.1875,0.1875,0.1875,,,
3.02090096473694,0,0.1875,0.1875,0.1875,0.1875,0.1875,0.1875,,,
3.02290391921997,0,0.1875,0.1875,0.1875,0.1875,0.1875,0.1875,,,
3.02490496635437,0,0.1875,0.1875,0.1875,0.1875,0.1875,0.1875,,,
3.02690696716309,0,0.1875,0.1875,0.1875,0.1875,0.1875,0.1875,,,
3.02890801429749,0,0.1875,0.1875,0.1875,0.1875,0.1875,0.1875,,,
3.03091096878052,0,0.1875,0.1875,0.1875,0.1875,0.1875,0.1875,,,
3.0329110622406,0,0.1875,0.1875,0.1875,0.1875,0.1875,0.1875,,,
3.03491401672363,0,0.1875,0.1875,0.1875,0.1875,0.1875,0.1875,,,
3.03691601753235,0,0.1875,0.1875,0.1875,0.1875,0.1875,0.1875,,,
3.03891706466675,0,0.1875,0.1875,0.1875,0.1875,0.1875,0.1875,,,
3.04092001914978,0,0.1875,0.1875,0.1875,0.1875,0.1875,0.1875,,,
3.04292011260986,0,0.1875,0.1875,0.1875,0.1875,0.1875,0.1875,,,
3.0449230670929,0,0.1875,0.1875,0.1875,0.1875,0.1875,0.1875,,,
3.0469229221344,0,0.1875,0.1875,0.1875,0.1875,0.1875,0.1875,,,
3.04892611503601,0,0.1875,0.1875,0.1875,0.1875,0.1875,0.1875,,,
3.05092597007751,0,0.1875,0.1875,0.1875,0.1875,0.1875,0.1875,,,
3.05292892456055,0,0.1875,0.1875,0.1875,0.1875,0.1875,0.1875,,,
3.05493211746216,0,0.1875,0.1875,0.1875,0.1875,0.1875,0.1875,,,
3.05693197250366,0,0.1875,0.1875,0.1875,0.1875,0.1875,0.1875,,,
3.05893492698669,0,0.1875,0.1875,0.1875,0.1875,0.1875,0.1875,,,
3.06093502044678,0,0.1875,0.1875,0.1875,0.1875,0.1875,0.1875,,,
3.06293797492981,0,0.1875,0.1875,0.1875,0.1875,0.1875,0.1875,,,
3.06494092941284,0,0.1875,0.1875,0.1875,0.1875,0.1875,0.1875,,,
3.06694102287292,0,0.1875,0.1875,0.1875,0.1875,0.1875,0.1875,,,
3.06894397735596,0,0.1875,0.1875,0.1875,0.1875,0.1875,0.1875,,,
3.07094407081604,0,0.1875,0.1875,0.1875,0.1875,0.1875,0.1875,,,
3.07294702529907,0,0.1875,0.1875,0.1875,0.1875,0.1875,0.1875,,,
3.07494711875916,0,0.1875,0.1875,0.1875,0.1875,0.1875,0.1875,,,
3.07695007324219,0,0.1875,0.1875,0.1875,0.1875,0.1875,0.1875,,,
3.07895112037659,0,0.1875,0.1875,0.1875,0.1875,0.1875,0.1875,,,
3.0809531211853,0,0.1875,0.1875,0.1875,0.1875,0.1875,0.1875,,,
3.08295607566834,0,0.1875,0.1875,0.1875,0.1875,0.1875,0.1875,,,
3.08495593070984,0,0.1875,0.1875,0.1875,0.1875,0.1875,0.1875,,,
3.08695912361145,0,0.1875,0.1875,0.1875,0.1875,0.1875,0.1875,,,
3.08895993232727,0,0.1875,0.1875,0.1875,0.1875,0.1875,0.1875,,,
3.09096193313599,0,0.1875,0.1875,0.1875,0.1875,0.1875,0.1875,,,
3.09296298027039,0,0.1875,0.1875,0.1875,0.1875,0.1875,0.1875,,,
3.0949649810791,0,0.1875,0.1875,0.1875,0.1875,0.1875,0.1875,,,
3.09696793556213,0,0.1875,0.1875,0.1875,0.1875,0.1875,0.1875,,,
3.09896898269653,0,0.1875,0.1875,0.1875,0.1875,0.1875,0.1875,,,
3.10097193717957,0,0.1875,0.1875,0.1875,0.1875,0.1875,0.1875,,,
3.10297203063965,0,0.1875,0.1875,0.1875,0.1875,0.1875,0.1875,,,
3.10497498512268,0,0.1875,0.1875,0.1875,0.1875,0.1875,0.1875,,,
3.10697793960571,0,0.1875,0.1875,0.1875,0.1875,0.1875,0.1875,,,
3.1089780330658,0,0.1875,0.1875,0.1875,0.1875,0.1875,0.1875,,,
3.11098098754883,0,0.1875,0.1875,0.1875,0.1875,0.1875,0.1875,,,
3.11298203468323,0,0.1875,0.1875,0.1875,0.1875,0.1875,0.1875,,,
3.11498403549194,0,0.1875,0.1875,0.1875,0.1875,0.1875,0.1875,,,
3.11698508262634,0,0.1875,0.1875,0.1875,0.1875,0.1875,0.1875,,,
3.11898803710938,0,0.1875,0.1875,0.1875,0.1875,0.1875,0.1875,,,
3.12098813056946,0,0.1875,0.1875,0.1875,0.1875,0.1875,0.1875,,,
3.12299108505249,0,0.1875,0.1875,0.1875,0.1875,0.1875,0.1875,,,
3.12499094009399,0,0.1875,0.1875,0.1875,0.1875,0.1875,0.1875,,,
3.12699413299561,0,0.1875,0.1875,0.1875,0.1875,0.1875,0.1875,,,
3.12899398803711,0,0.1875,0.1875,0.1875,0.1875,0.1875,0.1875,,,
3.13099694252014,0,0.1875,0.1875,0.1875,0.1875,0.1875,0.1875,,,
3.13300013542175,0,0.1875,0.1875,0.1875,0.1875,0.1875,0.1875,,,
3.13500213623047,0,0.1875,0.1875,0.1875,0.1875,0.1875,0.1875,,,
3.13700199127197,0,0.1875,0.1875,0.1875,0.1875,0.1875,0.1875,,,
3.139004945755,0,0.1875,0.1875,0.1875,0.1875,0.1875,0.1875,,,
3.14100813865662,0,0.1875,0.1875,0.1875,0.1875,0.1875,0.1875,,,
3.14300799369812,0,0.1875,0.1875,0.1875,0.1875,0.1875,0.1875,,,
3.14501094818115,0,0.1875,0.1875,0.1875,0.1875,0.1875,0.1875,,,
3.14701104164124,0,0.1875,0.1875,0.1875,0.1875,0.1875,0.1875,,,
3.14901399612427,0,0.1875,0.1875,0.1875,0.1875,0.1875,0.1875,,,
3.1510169506073,0,0.1875,0.1875,0.1875,0.1875,0.1875,0.1875,,,
3.15301704406738,0,0.1875,0.1875,0.1875,0.1875,0.1875,0.1875,,,
3.1550190448761,0,0.1875,0.1875,0.1875,0.1875,0.1875,0.1875,,,
3.15702199935913,0,0.1875,0.1875,0.1875,0.1875,0.1875,0.1875,,,
3.15902209281921,0,0.1875,0.1875,0.1875,0.1875,0.1875,0.1875,,,
3.16102504730225,0,0.1875,0.1875,0.1875,0.1875,0.1875,0.1875,,,
3.16302704811096,0,0.1875,0.1875,0.1875,0.1875,0.1875,0.1875,,,
3.16502809524536,0,0.1875,0.1875,0.1875,0.1875,0.1875,0.1875,,,
3.16703009605408,0,0.1875,0.1875,0.1875,0.1875,0.1875,0.1875,,,
3.1690309047699,0,0.1875,0.1875,0.1875,0.1875,0.1875,0.1875,,,
3.17103290557861,0,0.1875,0.1875,0.1875,0.1875,0.1875,0.1875,,,
3.17303609848022,0,0.1875,0.1875,0.1875,0.1875,0.1875,0.1875,,,
3.17503595352173,0,0.1875,0.1875,0.1875,0.1875,0.1875,0.1875,,,
3.17703890800476,0,0.1875,0.1875,0.1875,0.1875,0.1875,0.1875,,,
3.17904090881348,0,0.1875,0.1875,0.1875,0.1875,0.1875,0.1875,,,
3.18104195594788,0,0.1875,0.1875,0.1875,0.1875,0.1875,0.1875,,,
3.18304395675659,0,0.1875,0.1875,0.1875,0.1875,0.1875,0.1875,,,
3.18504405021667,0,0.1875,0.1875,0.1875,0.1875,0.1875,0.1875,,,
3.18704700469971,0,0.1875,0.1875,0.1875,0.1875,0.1875,0.1875,,,
3.18904900550842,0,0.1875,0.1875,0.1875,0.1875,0.1875,0.1875,,,
3.19105005264282,0,0.1875,0.1875,0.1875,0.1875,0.1875,0.1875,,,
3.19305300712585,0,0.1875,0.1875,0.1875,0.1875,0.1875,0.1875,,,
3.19505500793457,0,0.1875,0.1875,0.1875,0.1875,0.1875,0.1875,,,
3.19705510139465,0,0.1875,0.1875,0.1875,0.1875,0.1875,0.1875,,,
3.19905805587769,0,0.1875,0.1875,0.1875,0.1875,0.1875,0.1875,,,
3.20105791091919,0,0.1875,0.1875,0.1875,0.1875,0.1875,0.1875,,,
3.2030611038208,0,0.1875,0.1875,0.1875,0.1875,0.1875,0.1875,,,
3.20506405830383,0,0.1875,0.1875,0.1875,0.1875,0.1875,0.1875,,,
3.20706391334534,0,0.1875,0.1875,0.1875,0.1875,0.1875,0.1875,,,
3.20906591415405,0,0.1875,0.1875,0.1875,0.1875,0.1875,0.1875,,,
3.21106910705566,0,0.1875,0.1875,0.1875,0.1875,0.1875,0.1875,,,
3.21306896209717,0,0.1875,0.1875,0.1875,0.1875,0.1875,0.1875,,,
3.2150719165802,0,0.1875,0.1875,0.1875,0.1875,0.1875,0.1875,,,
3.21707201004028,0,0.1875,0.1875,0.1875,0.1875,0.1875,0.1875,,,
3.21907496452332,0,0.1875,0.1875,0.1875,0.1875,0.1875,0.1875,,,
3.22107791900635,0,0.1875,0.1875,0.1875,0.1875,0.1875,0.1875,,,
3.22307801246643,0,0.1875,0.1875,0.1875,0.1875,0.1875,0.1875,,,
3.22508001327515,0,0.1875,0.1875,0.1875,0.1875,0.1875,0.1875,,,
3.22708296775818,0,0.1875,0.1875,0.1875,0.1875,0.1875,0.1875,,,
3.22908306121826,0,0.1875,0.1875,0.1875,0.1875,0.1875,0.1875,,,
3.23108601570129,0,0.1875,0.1875,0.1875,0.1875,0.1875,0.1875,,,
3.23308801651001,0,0.1875,0.1875,0.1875,0.1875,0.1875,0.1875,,,
3.23508906364441,0,0.1875,0.1875,0.1875,0.1875,0.1875,0.1875,,,
3.23709106445313,0,0.1875,0.1875,0.1875,0.1875,0.1875,0.1875,,,
3.23909211158752,0,0.1875,0.1875,0.1875,0.1875,0.1875,0.1875,,,
3.24109506607056,0,0.1875,0.1875,0.1875,0.1875,0.1875,0.1875,,,
3.24309492111206,0,0.1875,0.1875,0.1875,0.1875,0.1875,0.1875,,,
3.24510312080383,0,0.1875,0.1875,0.1875,0.1875,0.1875,0.1875,,,
3.24710297584534,0,0.1875,0.1875,0.1875,0.1875,0.1875,0.1875,,,
3.24910593032837,0,0.1875,0.1875,0.1875,0.1875,0.1875,0.1875,,,
3.25110602378845,0,0.1875,0.1875,0.1875,0.1875,0.1875,0.1875,,,
3.25310611724854,0,0.1875,0.1875,0.1875,0.1875,0.1875,0.1875,,,
3.25510692596436,0,0.1875,0.1875,0.1875,0.1875,0.1875,0.1875,,,
3.25710701942444,0,0.1875,0.1875,0.1875,0.1875,0.1875,0.1875,,,
3.25910997390747,0,0.1875,0.1875,0.1875,0.1875,0.1875,0.1875,,,
3.26111197471619,0,0.1875,0.1875,0.1875,0.1875,0.1875,0.1875,,,
3.26311302185059,0,0.1875,0.1875,0.1875,0.1875,0.1875,0.1875,,,
3.2651150226593,0,0.1875,0.1875,0.1875,0.1875,0.1875,0.1875,,,
3.2671160697937,0,0.1875,0.1875,0.1875,0.1875,0.1875,0.1875,,,
3.26911902427673,0,0.1875,0.1875,0.1875,0.1875,0.1875,0.1875,,,
3.27111911773682,0,0.1875,0.1875,0.1875,0.1875,0.1875,0.1875,,,
3.27312207221985,0,0.1875,0.1875,0.1875,0.1875,0.1875,0.1875,,,
3.27512192726135,0,0.1875,0.1875,0.1875,0.1875,0.1875,0.1875,,,
3.27712512016296,0,0.1875,0.1875,0.1875,0.1875,0.1875,0.1875,,,
3.279128074646,0,0.1875,0.1875,0.1875,0.1875,0.1875,0.1875,,,
3.2811279296875,0,0.1875,0.1875,0.1875,0.1875,0.1875,0.1875,,,
3.28313112258911,0,0.1875,0.1875,0.1875,0.1875,0.1875,0.1875,,,
3.28513097763062,0,0.1875,0.1875,0.1875,0.1875,0.1875,0.1875,,,
3.28713393211365,0,0.1875,0.1875,0.1875,0.1875,0.1875,0.1875,,,
3.28913402557373,0,0.1875,0.1875,0.1875,0.1875,0.1875,0.1875,,,
3.29113698005676,0,0.1875,0.1875,0.1875,0.1875,0.1875,0.1875,,,
3.29313898086548,0,0.1875,0.1875,0.1875,0.1875,0.1875,0.1875,,,
3.29514002799988,0,0.1875,0.1875,0.1875,0.1875,0.1875,0.1875,,,
3.29714298248291,0,0.1875,0.1875,0.1875,0.1875,0.1875,0.1875,,,
3.29914307594299,0,0.1875,0.1875,0.1875,0.1875,0.1875,0.1875,,,
3.30114603042603,0,0.1875,0.1875,0.1875,0.1875,0.1875,0.1875,,,
3.30314612388611,0,0.1875,0.1875,0.1875,0.1875,0.1875,0.1875,,,
3.30514907836914,0,0.1875,0.1875,0.1875,0.1875,0.1875,0.1875,,,
3.30715203285217,0,0.1875,0.1875,0.1875,0.1875,0.1875,0.1875,,,
3.30915212631226,0,0.1875,0.1875,0.1875,0.1875,0.1875,0.1875,,,
3.31115508079529,0,0.1875,0.1875,0.1875,0.1875,0.1875,0.1875,,,
3.31315493583679,0,0.1875,0.1875,0.1875,0.1875,0.1875,0.1875,,,
3.3151581287384,0,0.1875,0.1875,0.1875,0.1875,0.1875,0.1875,,,
3.31716108322144,0,0.1875,0.1875,0.1875,0.1875,0.1875,0.1875,,,
3.31916093826294,0,0.1875,0.1875,0.1875,0.1875,0.1875,0.1875,,,
3.32116413116455,0,0.1875,0.1875,0.1875,0.1875,0.1875,0.1875,,,
3.32316613197327,0,0.1875,0.1875,0.1875,0.1875,0.1875,0.1875,,,
3.32516694068909,0,0.1875,0.1875,0.1875,0.1875,0.1875,0.1875,,,
3.3271689414978,0,0.1875,0.1875,0.1875,0.1875,0.1875,0.1875,,,
3.3291699886322,0,0.1875,0.1875,0.1875,0.1875,0.1875,0.1875,,,
3.33117294311523,0,0.1875,0.1875,0.1875,0.1875,0.1875,0.1875,,,
3.33317494392395,0,0.1875,0.1875,0.1875,0.1875,0.1875,0.1875,,,
3.33517599105835,0,0.1875,0.1875,0.1875,0.1875,0.1875,0.1875,,,
3.33717894554138,0,0.1875,0.1875,0.1875,0.1875,0.1875,0.1875,,,
3.33917903900146,0,0.1875,0.1875,0.1875,0.1875,0.1875,0.1875,,,
3.3411819934845,0,0.1875,0.1875,0.1875,0.1875,0.1875,0.1875,,,
3.34318399429321,0,0.1875,0.1875,0.1875,0.1875,0.1875,0.1875,,,
3.34518504142761,0,0.1875,0.1875,0.1875,0.1875,0.1875,0.1875,,,
3.34718799591064,0,0.1875,0.1875,0.1875,0.1875,0.1875,0.1875,,,
3.34918808937073,0,0.1875,0.1875,0.1875,0.1875,0.1875,0.1875,,,
3.35119104385376,0,0.1875,0.1875,0.1875,0.1875,0.1875,0.1875,,,
3.35319113731384,0,0.1875,0.1875,0.1875,0.1875,0.1875,0.1875,,,
3.35519409179688,0,0.1875,0.1875,0.1875,0.1875,0.1875,0.1875,,,
3.35719704627991,0,0.1875,0.1875,0.1875,0.1875,0.1875,0.1875,,,
3.35919713973999,0,0.1875,0.1875,0.1875,0.1875,0.1875,0.1875,,,
3.36120009422302,0,0.1875,0.1875,0.1875,0.1875,0.1875,0.1875,,,
3.36319994926453,0,0.1875,0.1875,0.1875,0.1875,0.1875,0.1875,,,
3.36520290374756,0,0.1875,0.1875,0.1875,0.1875,0.1875,0.1875,,,
3.36720609664917,0,0.1875,0.1875,0.1875,0.1875,0.1875,0.1875,,,
3.36920595169067,0,0.1875,0.1875,0.1875,0.1875,0.1875,0.1875,,,
3.37120890617371,0,0.1875,0.1875,0.1875,0.1875,0.1875,0.1875,,,
3.37320899963379,0,0.1875,0.1875,0.1875,0.1875,0.1875,0.1875,,,
3.37521195411682,0,0.1875,0.1875,0.1875,0.1875,0.1875,0.1875,,,
3.37721490859985,0,0.1875,0.1875,0.1875,0.1875,0.1875,0.1875,,,
3.37921500205994,0,0.1875,0.1875,0.1875,0.1875,0.1875,0.1875,,,
3.38121795654297,0,0.1875,0.1875,0.1875,0.1875,0.1875,0.1875,,,
3.38321805000305,0,0.1875,0.1875,0.1875,0.1875,0.1875,0.1875,,,
3.38522100448608,0,0.1875,0.1875,0.1875,0.1875,0.1875,0.1875,,,
3.38722395896912,0,0.1875,0.1875,0.1875,0.1875,0.1875,0.1875,,,
3.3892240524292,0,0.1875,0.1875,0.1875,0.1875,0.1875,0.1875,,,
3.39122700691223,0,0.1875,0.1875,0.1875,0.1875,0.1875,0.1875,,,
3.39322710037231,0,0.1875,0.1875,0.1875,0.1875,0.1875,0.1875,,,
3.39523005485535,0,0.1875,0.1875,0.1875,0.1875,0.1875,0.1875,,,
3.39722990989685,0,0.1875,0.1875,0.1875,0.1875,0.1875,0.1875,,,
3.39923310279846,0,0.1875,0.1875,0.1875,0.1875,0.1875,0.1875,,,
3.40123605728149,0,0.1875,0.1875,0.1875,0.1875,0.1875,0.1875,,,
3.403235912323,0,0.1875,0.1875,0.1875,0.1875,0.1875,0.1875,,,
3.40523910522461,0,0.1875,0.1875,0.1875,0.1875,0.1875,0.1875,,,
3.40723991394043,0,0.1875,0.1875,0.1875,0.1875,0.1875,0.1875,,,
3.40924191474915,0,0.1875,0.1875,0.1875,0.1875,0.1875,0.1875,,,
3.41124510765076,0,0.1875,0.1875,0.1875,0.1875,0.1875,0.1875,,,
3.41324496269226,0,0.1875,0.1875,0.1875,0.1875,0.1875,0.1875,,,
3.41524791717529,0,0.1875,0.1875,0.1875,0.1875,0.1875,0.1875,,,
3.41724801063538,0,0.1875,0.1875,0.1875,0.1875,0.1875,0.1875,,,
3.41925096511841,0,0.1875,0.1875,0.1875,0.1875,0.1875,0.1875,,,
3.42125391960144,0,0.1875,0.1875,0.1875,0.1875,0.1875,0.1875,,,
3.42325401306152,0,0.1875,0.1875,0.1875,0.1875,0.1875,0.1875,,,
3.42525696754456,0,0.1875,0.1875,0.1875,0.1875,0.1875,0.1875,,,
3.42725801467896,0,0.1875,0.1875,0.1875,0.1875,0.1875,0.1875,,,
3.42926001548767,0,0.1875,0.1875,0.1875,0.1875,0.1875,0.1875,,,
3.4312629699707,0,0.1875,0.1875,0.1875,0.1875,0.1875,0.1875,,,
3.43326306343079,0,0.1875,0.1875,0.1875,0.1875,0.1875,0.1875,,,
3.43526601791382,0,0.1875,0.1875,0.1875,0.1875,0.1875,0.1875,,,
3.43726706504822,0,0.1875,0.1875,0.1875,0.1875,0.1875,0.1875,,,
3.43926906585693,0,0.1875,0.1875,0.1875,0.1875,0.1875,0.1875,,,
3.44127011299133,0,0.1875,0.1875,0.1875,0.1875,0.1875,0.1875,,,
3.44327306747437,0,0.1875,0.1875,0.1875,0.1875,0.1875,0.1875,,,
3.44527292251587,0,0.1875,0.1875,0.1875,0.1875,0.1875,0.1875,,,
3.44727611541748,0,0.1875,0.1875,0.1875,0.1875,0.1875,0.1875,,,
3.44927906990051,0,0.1875,0.1875,0.1875,0.1875,0.1875,0.1875,,,
3.45127892494202,0,0.1875,0.1875,0.1875,0.1875,0.1875,0.1875,,,
3.45328211784363,0,0.1875,0.1875,0.1875,0.1875,0.1875,0.1875,,,
3.45528197288513,0,0.1875,0.1875,0.1875,0.1875,0.1875,0.1875,,,
3.45728492736816,0,0.1875,0.1875,0.1875,0.1875,0.1875,0.1875,,,
3.45928812026978,0,0.1875,0.1875,0.1875,0.1875,0.1875,0.1875,,,
3.46128797531128,0,0.1875,0.1875,0.1875,0.1875,0.1875,0.1875,,,
3.46329092979431,0,0.1875,0.1875,0.1875,0.1875,0.1875,0.1875,,,
3.46529293060303,0,0.1875,0.1875,0.1875,0.1875,0.1875,0.1875,,,
3.46729397773743,0,0.1875,0.1875,0.1875,0.1875,0.1875,0.1875,,,
3.46929693222046,0,0.1875,0.1875,0.1875,0.1875,0.1875,0.1875,,,
3.47129702568054,0,0.1875,0.1875,0.1875,0.1875,0.1875,0.1875,,,
3.47329998016357,0,0.1875,0.1875,0.1875,0.1875,0.1875,0.1875,,,
3.47530293464661,0,0.1875,0.1875,0.1875,0.1875,0.1875,0.1875,,,
3.47730302810669,0,0.1875,0.1875,0.1875,0.1875,0.1875,0.1875,,,
3.47930598258972,0,0.1875,0.1875,0.1875,0.1875,0.1875,0.1875,,,
3.48138093948364,0,0.1875,0.1875,0.1875,0.1875,0.1875,0.1875,,,
3.48338198661804,0,0.1875,0.1875,0.1875,0.1875,0.1875,0.1875,,,
3.48538398742676,0,0.1875,0.1875,0.1875,0.1875,0.1875,0.1875,,,
3.48738503456116,0,0.1875,0.1875,0.1875,0.1875,0.1875,0.1875,,,
3.48938798904419,0,0.1875,0.1875,0.1875,0.1875,0.1875,0.1875,,,
3.49138808250427,0,0.1875,0.1875,0.1875,0.1875,0.1875,0.1875,,,
3.4933910369873,0,0.1875,0.1875,0.1875,0.1875,0.1875,0.1875,,,
3.49539399147034,0,0.1875,0.1875,0.1875,0.1875,0.1875,0.1875,,,
3.49739408493042,0,0.1875,0.1875,0.1875,0.1875,0.1875,0.1875,,,
3.49939703941345,0,0.1875,0.1875,0.1875,0.1875,0.1875,0.1875,,,
3.50139713287354,0,0.1875,0.1875,0.1875,0.1875,0.1875,0.1875,,,
3.50340008735657,0,0.1875,0.1875,0.1875,0.1875,0.1875,0.1875,,,
3.5054030418396,0,0.1875,0.1875,0.1875,0.1875,0.1875,0.1875,,,
3.50740313529968,0,0.1875,0.1875,0.1875,0.1875,0.1875,0.1875,,,
3.50940608978271,0,0.1875,0.1875,0.1875,0.1875,0.1875,0.1875,,,
3.51140594482422,0,0.1875,0.1875,0.1875,0.1875,0.1875,0.1875,,,
3.51340913772583,0,0.1875,0.1875,0.1875,0.1875,0.1875,0.1875,,,
3.51540899276733,0,0.1875,0.1875,0.1875,0.1875,0.1875,0.1875,,,
3.51741194725037,0,0.1875,0.1875,0.1875,0.1875,0.1875,0.1875,,,
3.51941514015198,0,0.1875,0.1875,0.1875,0.1875,0.1875,0.1875,,,
3.52141499519348,0,0.1875,0.1875,0.1875,0.1875,0.1875,0.1875,,,
3.52341794967651,0,0.1875,0.1875,0.1875,0.1875,0.1875,0.1875,,,
3.52542090415955,0,0.1875,0.1875,0.1875,0.1875,0.1875,0.1875,,,
3.52742099761963,0,0.1875,0.1875,0.1875,0.1875,0.1875,0.1875,,,
3.52942395210266,0,0.1875,0.1875,0.1875,0.1875,0.1875,0.1875,,,
3.53142404556274,0,0.1875,0.1875,0.1875,0.1875,0.1875,0.1875,,,
3.53342700004578,0,0.1875,0.1875,0.1875,0.1875,0.1875,0.1875,,,
3.53542995452881,0,0.1875,0.1875,0.1875,0.1875,0.1875,0.1875,,,
3.53743004798889,0,0.1875,0.1875,0.1875,0.1875,0.1875,0.1875,,,
3.53943300247192,0,0.1875,0.1875,0.1875,0.1875,0.1875,0.1875,,,
3.54143309593201,0,0.1875,0.1875,0.1875,0.1875,0.1875,0.1875,,,
3.54343605041504,0,0.1875,0.1875,0.1875,0.1875,0.1875,0.1875,,,
3.54543590545654,0,0.1875,0.1875,0.1875,0.1875,0.1875,0.1875,,,
3.54743909835815,0,0.1875,0.1875,0.1875,0.1875,0.1875,0.1875,,,
3.54944205284119,0,0.1875,0.1875,0.1875,0.1875,0.1875,0.1875,,,
3.55144190788269,0,0.1875,0.1875,0.1875,0.1875,0.1875,0.1875,,,
3.5534451007843,0,0.1875,0.1875,0.1875,0.1875,0.1875,0.1875,,,
3.55544805526733,0,0.1875,0.1875,0.1875,0.1875,0.1875,0.1875,,,
3.55744791030884,0,0.1875,0.1875,0.1875,0.1875,0.1875,0.1875,,,
3.55945110321045,0,0.1875,0.1875,0.1875,0.1875,0.1875,0.1875,,,
3.56145095825195,0,0.1875,0.1875,0.1875,0.1875,0.1875,0.1875,,,
3.56345391273499,0,0.1875,0.1875,0.1875,0.1875,0.1875,0.1875,,,
3.5654571056366,0,0.1875,0.1875,0.1875,0.1875,0.1875,0.1875,,,
3.5674569606781,0,0.1875,0.1875,0.1875,0.1875,0.1875,0.1875,,,
3.56945991516113,0,0.1875,0.1875,0.1875,0.1875,0.1875,0.1875,,,
3.57146310806274,0,0.1875,0.1875,0.1875,0.1875,0.1875,0.1875,,,
3.57346296310425,0,0.1875,0.1875,0.1875,0.1875,0.1875,0.1875,,,
3.57546591758728,0,0.1875,0.1875,0.1875,0.1875,0.1875,0.1875,,,
3.57746696472168,0,0.1875,0.1875,0.1875,0.1875,0.1875,0.1875,,,
3.5794689655304,0,0.1875,0.1875,0.1875,0.1875,0.1875,0.1875,,,
3.58147192001343,0,0.1875,0.1875,0.1875,0.1875,0.1875,0.1875,,,
3.58347296714783,0,0.1875,0.1875,0.1875,0.1875,0.1875,0.1875,,,
3.58547496795654,0,0.1875,0.1875,0.1875,0.1875,0.1875,0.1875,,,
3.58747601509094,0,0.1875,0.1875,0.1875,0.1875,0.1875,0.1875,,,
3.58947896957397,0,0.1875,0.1875,0.1875,0.1875,0.1875,0.1875,,,
3.59148097038269,0,0.1875,0.1875,0.1875,0.1875,0.1875,0.1875,,,
3.59348201751709,0,0.1875,0.1875,0.1875,0.1875,0.1875,0.1875,,,
3.59548497200012,0,0.1875,0.1875,0.1875,0.1875,0.1875,0.1875,,,
3.59748506546021,0,0.1875,0.1875,0.1875,0.1875,0.1875,0.1875,,,
3.59948801994324,0,0.1875,0.1875,0.1875,0.1875,0.1875,0.1875,,,
3.60149097442627,0,0.1875,0.1875,0.1875,0.1875,0.1875,0.1875,,,
3.60349106788635,0,0.1875,0.1875,0.1875,0.1875,0.1875,0.1875,,,
3.60549402236938,0,0.1875,0.1875,0.1875,0.1875,0.1875,0.1875,,,
3.60749411582947,0,0.1875,0.1875,0.1875,0.1875,0.1875,0.1875,,,
3.6094970703125,0,0.1875,0.1875,0.1875,0.1875,0.1875,0.1875,,,
3.61149907112122,0,0.1875,0.1875,0.1875,0.1875,0.1875,0.1875,,,
3.61350011825562,0,0.1875,0.1875,0.1875,0.1875,0.1875,0.1875,,,
3.61550307273865,0,0.1875,0.1875,0.1875,0.1875,0.1875,0.1875,,,
3.61750507354736,0,0.1875,0.1875,0.1875,0.1875,0.1875,0.1875,,,
3.61950612068176,0,0.1875,0.1875,0.1875,0.1875,0.1875,0.1875,,,
3.62150812149048,0,0.1875,0.1875,0.1875,0.1875,0.1875,0.1875,,,
3.6235089302063,0,0.1875,0.1875,0.1875,0.1875,0.1875,0.1875,,,
3.62551093101501,0,0.1875,0.1875,0.1875,0.1875,0.1875,0.1875,,,
3.62751412391663,0,0.1875,0.1875,0.1875,0.1875,0.1875,0.1875,,,
3.62951397895813,0,0.1875,0.1875,0.1875,0.1875,0.1875,0.1875,,,
3.63151693344116,0,0.1875,0.1875,0.1875,0.1875,0.1875,0.1875,,,
3.63351798057556,0,0.1875,0.1875,0.1875,0.1875,0.1875,0.1875,,,
3.63552093505859,0,0.1875,0.1875,0.1875,0.1875,0.1875,0.1875,,,
3.63752293586731,0,0.1875,0.1875,0.1875,0.1875,0.1875,0.1875,,,
3.63952398300171,0,0.1875,0.1875,0.1875,0.1875,0.1875,0.1875,,,
3.64152598381042,0,0.1875,0.1875,0.1875,0.1875,0.1875,0.1875,,,
3.64352703094482,0,0.1875,0.1875,0.1875,0.1875,0.1875,0.1875,,,
3.64552998542786,0,0.1875,0.1875,0.1875,0.1875,0.1875,0.1875,,,
3.64753198623657,0,0.1875,0.1875,0.1875,0.1875,0.1875,0.1875,,,
3.64953303337097,0,0.1875,0.1875,0.1875,0.1875,0.1875,0.1875,,,
3.65153503417969,0,0.1875,0.1875,0.1875,0.1875,0.1875,0.1875,,,
3.65353798866272,0,0.1875,0.1875,0.1875,0.1875,0.1875,0.1875,,,
3.6555380821228,0,0.1875,0.1875,0.1875,0.1875,0.1875,0.1875,,,
3.65754103660584,0,0.1875,0.1875,0.1875,0.1875,0.1875,0.1875,,,
3.65954113006592,0,0.1875,0.1875,0.1875,0.1875,0.1875,0.1875,,,
3.66154408454895,0,0.1875,0.1875,0.1875,0.1875,0.1875,0.1875,,,
3.66354703903198,0,0.1875,0.1875,0.1875,0.1875,0.1875,0.1875,,,
3.66554808616638,0,0.1875,0.1875,0.1875,0.1875,0.1875,0.1875,,,
3.6675500869751,0,0.1875,0.1875,0.1875,0.1875,0.1875,0.1875,,,
3.6695511341095,0,0.1875,0.1875,0.1875,0.1875,0.1875,0.1875,,,
3.67155408859253,0,0.1875,0.1875,0.1875,0.1875,0.1875,0.1875,,,
3.67355608940125,0,0.1875,0.1875,0.1875,0.1875,0.1875,0.1875,,,
3.67555713653564,0,0.1875,0.1875,0.1875,0.1875,0.1875,0.1875,,,
3.67755913734436,0,0.1875,0.1875,0.1875,0.1875,0.1875,0.1875,,,
3.67955994606018,0,0.1875,0.1875,0.1875,0.1875,0.1875,0.1875,,,
3.68156313896179,0,0.1875,0.1875,0.1875,0.1875,0.1875,0.1875,,,
3.68356513977051,0,0.1875,0.1875,0.1875,0.1875,0.1875,0.1875,,,
3.68556594848633,0,0.1875,0.1875,0.1875,0.1875,0.1875,0.1875,,,
3.68756794929504,0,0.1875,0.1875,0.1875,0.1875,0.1875,0.1875,,,
3.68957090377808,0,0.1875,0.1875,0.1875,0.1875,0.1875,0.1875,,,
3.69157195091248,0,0.1875,0.1875,0.1875,0.1875,0.1875,0.1875,,,
3.69357395172119,0,0.1875,0.1875,0.1875,0.1875,0.1875,0.1875,,,
3.69557499885559,0,0.1875,0.1875,0.1875,0.1875,0.1875,0.1875,,,
3.69757795333862,0,0.1875,0.1875,0.1875,0.1875,0.1875,0.1875,,,
3.69957995414734,0,0.1875,0.1875,0.1875,0.1875,0.1875,0.1875,,,
3.70158100128174,0,0.1875,0.1875,0.1875,0.1875,0.1875,0.1875,,,
3.70358300209045,0,0.1875,0.1875,0.1875,0.1875,0.1875,0.1875,,,
3.70558595657349,0,0.1875,0.1875,0.1875,0.1875,0.1875,0.1875,,,
3.70758605003357,0,0.1875,0.1875,0.1875,0.1875,0.1875,0.1875,,,
3.7095890045166,0,0.1875,0.1875,0.1875,0.1875,0.1875,0.1875,,,
3.71159195899963,0,0.1875,0.1875,0.1875,0.1875,0.1875,0.1875,,,
3.71359205245972,0,0.1875,0.1875,0.1875,0.1875,0.1875,0.1875,,,
3.71559500694275,0,0.1875,0.1875,0.1875,0.1875,0.1875,0.1875,,,
3.71759605407715,0,0.1875,0.1875,0.1875,0.1875,0.1875,0.1875,,,
3.71959805488586,0,0.1875,0.1875,0.1875,0.1875,0.1875,0.1875,,,
3.7216010093689,0,0.1875,0.1875,0.1875,0.1875,0.1875,0.1875,,,
3.7236020565033,0,0.1875,0.1875,0.1875,0.1875,0.1875,0.1875,,,
3.72560405731201,0,0.1875,0.1875,0.1875,0.1875,0.1875,0.1875,,,
3.72760510444641,0,0.1875,0.1875,0.1875,0.1875,0.1875,0.1875,,,
3.72960805892944,0,0.1875,0.1875,0.1875,0.1875,0.1875,0.1875,,,
3.73161005973816,0,0.1875,0.1875,0.1875,0.1875,0.1875,0.1875,,,
3.73361110687256,0,0.1875,0.1875,0.1875,0.1875,0.1875,0.1875,,,
3.73561310768127,0,0.1875,0.1875,0.1875,0.1875,0.1875,0.1875,,,
3.73761606216431,0,0.1875,0.1875,0.1875,0.1875,0.1875,0.1875,,,
3.73961591720581,0,0.1875,0.1875,0.1875,0.1875,0.1875,0.1875,,,
3.74161911010742,0,0.1875,0.1875,0.1875,0.1875,0.1875,0.1875,,,
3.74362206459045,0,0.1875,0.1875,0.1875,0.1875,0.1875,0.1875,,,
3.74562191963196,0,0.1875,0.1875,0.1875,0.1875,0.1875,0.1875,,,
3.74762511253357,0,0.1875,0.1875,0.1875,0.1875,0.1875,0.1875,,,
3.74962496757507,0,0.1875,0.1875,0.1875,0.1875,0.1875,0.1875,,,
3.75162792205811,0,0.1875,0.1875,0.1875,0.1875,0.1875,0.1875,,,
3.75363111495972,0,0.1875,0.1875,0.1875,0.1875,0.1875,0.1875,,,
3.75563097000122,0,0.1875,0.1875,0.1875,0.1875,0.1875,0.1875,,,
3.75763392448425,0,0.1875,0.1875,0.1875,0.1875,0.1875,0.1875,,,
3.75963711738586,0,0.1875,0.1875,0.1875,0.1875,0.1875,0.1875,,,
3.76163697242737,0,0.1875,0.1875,0.1875,0.1875,0.1875,0.1875,,,
3.7636399269104,0,0.1875,0.1875,0.1875,0.1875,0.1875,0.1875,,,
3.76564002037048,0,0.1875,0.1875,0.1875,0.1875,0.1875,0.1875,,,
3.76764297485352,0,0.1875,0.1875,0.1875,0.1875,0.1875,0.1875,,,
3.76964592933655,0,0.1875,0.1875,0.1875,0.1875,0.1875,0.1875,,,
3.77164602279663,0,0.1875,0.1875,0.1875,0.1875,0.1875,0.1875,,,
3.77364897727966,0,0.1875,0.1875,0.1875,0.1875,0.1875,0.1875,,,
3.7756519317627,0,0.1875,0.1875,0.1875,0.1875,0.1875,0.1875,,,
3.77765202522278,0,0.1875,0.1875,0.1875,0.1875,0.1875,0.1875,,,
3.77965497970581,0,0.1875,0.1875,0.1875,0.1875,0.1875,0.1875,,,
3.78165793418884,0,0.1875,0.1875,0.1875,0.1875,0.1875,0.1875,,,
3.78365802764893,0,0.1875,0.1875,0.1875,0.1875,0.1875,0.1875,,,
3.78566098213196,0,0.1875,0.1875,0.1875,0.1875,0.1875,0.1875,,,
3.78766107559204,0,0.1875,0.1875,0.1875,0.1875,0.1875,0.1875,,,
3.78966403007507,0,0.1875,0.1875,0.1875,0.1875,0.1875,0.1875,,,
3.79166412353516,0,0.1875,0.1875,0.1875,0.1875,0.1875,0.1875,,,
3.79366707801819,0,0.1875,0.1875,0.1875,0.1875,0.1875,0.1875,,,
3.79567003250122,0,0.1875,0.1875,0.1875,0.1875,0.1875,0.1875,,,
3.7976701259613,0,0.1875,0.1875,0.1875,0.1875,0.1875,0.1875,,,
3.79967308044434,0,0.1875,0.1875,0.1875,0.1875,0.1875,0.1875,,,
3.80167293548584,0,0.1875,0.1875,0.1875,0.1875,0.1875,0.1875,,,
3.80367612838745,0,0.1875,0.1875,0.1875,0.1875,0.1875,0.1875,,,
3.80567908287048,0,0.1875,0.1875,0.1875,0.1875,0.1875,0.1875,,,
3.80767893791199,0,0.1875,0.1875,0.1875,0.1875,0.1875,0.1875,,,
3.8096821308136,0,0.1875,0.1875,0.1875,0.1875,0.1875,0.1875,,,
3.81168293952942,0,0.1875,0.1875,0.1875,0.1875,0.1875,0.1875,,,
3.81368494033813,0,0.1875,0.1875,0.1875,0.1875,0.1875,0.1875,,,
3.81568813323975,0,0.1875,0.1875,0.1875,0.1875,0.1875,0.1875,,,
3.81768894195557,0,0.1875,0.1875,0.1875,0.1875,0.1875,0.1875,,,
3.81969094276428,0,0.1875,0.1875,0.1875,0.1875,0.1875,0.1875,,,
3.82169198989868,0,0.1875,0.1875,0.1875,0.1875,0.1875,0.1875,,,
3.82369494438171,0,0.1875,0.1875,0.1875,0.1875,0.1875,0.1875,,,
3.82569694519043,0,0.1875,0.1875,0.1875,0.1875,0.1875,0.1875,,,
3.82769799232483,0,0.1875,0.1875,0.1875,0.1875,0.1875,0.1875,,,
3.82969999313354,0,0.1875,0.1875,0.1875,0.1875,0.1875,0.1875,,,
3.83170294761658,0,0.1875,0.1875,0.1875,0.1875,0.1875,0.1875,,,
3.83370304107666,0,0.1875,0.1875,0.1875,0.1875,0.1875,0.1875,,,
3.83570599555969,0,0.1875,0.1875,0.1875,0.1875,0.1875,0.1875,,,
3.83770895004272,0,0.1875,0.1875,0.1875,0.1875,0.1875,0.1875,,,
3.83970904350281,0,0.1875,0.1875,0.1875,0.1875,0.1875,0.1875,,,
3.84171199798584,0,0.1875,0.1875,0.1875,0.1875,0.1875,0.1875,,,
3.84371209144592,0,0.1875,0.1875,0.1875,0.1875,0.1875,0.1875,,,
3.84571504592896,0,0.1875,0.1875,0.1875,0.1875,0.1875,0.1875,,,
3.84771800041199,0,0.1875,0.1875,0.1875,0.1875,0.1875,0.1875,,,
3.84971809387207,0,0.1875,0.1875,0.1875,0.1875,0.1875,0.1875,,,
3.8517210483551,0,0.1875,0.1875,0.1875,0.1875,0.1875,0.1875,,,
3.85372400283813,0,0.1875,0.1875,0.1875,0.1875,0.1875,0.1875,,,
3.85572409629822,0,0.1875,0.1875,0.1875,0.1875,0.1875,0.1875,,,
3.85772705078125,0,0.1875,0.1875,0.1875,0.1875,0.1875,0.1875,,,
3.85973000526428,0,0.1875,0.1875,0.1875,0.1875,0.1875,0.1875,,,
3.86173009872437,0,0.1875,0.1875,0.1875,0.1875,0.1875,0.1875,,,
3.8637330532074,0,0.1875,0.1875,0.1875,0.1875,0.1875,0.1875,,,
3.86573600769043,0,0.1875,0.1875,0.1875,0.1875,0.1875,0.1875,,,
3.86773610115051,0,0.1875,0.1875,0.1875,0.1875,0.1875,0.1875,,,
3.86973905563354,0,0.1875,0.1875,0.1875,0.1875,0.1875,0.1875,,,
3.87173891067505,0,0.1875,0.1875,0.1875,0.1875,0.1875,0.1875,,,
3.87374210357666,0,0.1875,0.1875,0.1875,0.1875,0.1875,0.1875,,,
3.87574505805969,0,0.1875,0.1875,0.1875,0.1875,0.1875,0.1875,,,
3.8777449131012,0,0.1875,0.1875,0.1875,0.1875,0.1875,0.1875,,,
3.87974810600281,0,0.1875,0.1875,0.1875,0.1875,0.1875,0.1875,,,
3.88174796104431,0,0.1875,0.1875,0.1875,0.1875,0.1875,0.1875,,,
3.88375091552734,0,0.1875,0.1875,0.1875,0.1875,0.1875,0.1875,,,
3.88575410842896,0,0.1875,0.1875,0.1875,0.1875,0.1875,0.1875,,,
3.88775396347046,0,0.1875,0.1875,0.1875,0.1875,0.1875,0.1875,,,
3.88975691795349,0,0.1875,0.1875,0.1875,0.1875,0.1875,0.1875,,,
3.89175701141357,0,0.1875,0.1875,0.1875,0.1875,0.1875,0.1875,,,
3.89375996589661,0,0.1875,0.1875,0.1875,0.1875,0.1875,0.1875,,,
3.89576292037964,0,0.1875,0.1875,0.1875,0.1875,0.1875,0.1875,,,
3.89776301383972,0,0.1875,0.1875,0.1875,0.1875,0.1875,0.1875,,,
3.89976596832275,0,0.1875,0.1875,0.1875,0.1875,0.1875,0.1875,,,
3.90176606178284,0,0.1875,0.1875,0.1875,0.1875,0.1875,0.1875,,,
3.90376901626587,0,0.1875,0.1875,0.1875,0.1875,0.1875,0.1875,,,
3.9057719707489,0,0.1875,0.1875,0.1875,0.1875,0.1875,0.1875,,,
3.90777206420898,0,0.1875,0.1875,0.1875,0.1875,0.1875,0.1875,,,
3.90977501869202,0,0.1875,0.1875,0.1875,0.1875,0.1875,0.1875,,,
3.91177606582642,0,0.1875,0.1875,0.1875,0.1875,0.1875,0.1875,,,
3.91377806663513,0,0.1875,0.1875,0.1875,0.1875,0.1875,0.1875,,,
3.91578102111816,0,0.1875,0.1875,0.1875,0.1875,0.1875,0.1875,,,
3.91778111457825,0,0.1875,0.1875,0.1875,0.1875,0.1875,0.1875,,,
3.91978406906128,0,0.1875,0.1875,0.1875,0.1875,0.1875,0.1875,,,
3.92178392410278,0,0.1875,0.1875,0.1875,0.1875,0.1875,0.1875,,,
3.92378711700439,0,0.1875,0.1875,0.1875,0.1875,0.1875,0.1875,,,
3.92579007148743,0,0.1875,0.1875,0.1875,0.1875,0.1875,0.1875,,,
3.92778992652893,0,0.1875,0.1875,0.1875,0.1875,0.1875,0.1875,,,
3.92979311943054,0,0.1875,0.1875,0.1875,0.1875,0.1875,0.1875,,,
3.93179297447205,0,0.1875,0.1875,0.1875,0.1875,0.1875,0.1875,,,
3.93379592895508,0,0.1875,0.1875,0.1875,0.1875,0.1875,0.1875,,,
3.93579912185669,0,0.1875,0.1875,0.1875,0.1875,0.1875,0.1875,,,
3.93779897689819,0,0.1875,0.1875,0.1875,0.1875,0.1875,0.1875,,,
3.93980193138123,0,0.1875,0.1875,0.1875,0.1875,0.1875,0.1875,,,
3.94180512428284,0,0.1875,0.1875,0.1875,0.1875,0.1875,0.1875,,,
3.94380497932434,0,0.1875,0.1875,0.1875,0.1875,0.1875,0.1875,,,
3.94580793380737,0,0.1875,0.1875,0.1875,0.1875,0.1875,0.1875,,,
3.94780802726746,0,0.1875,0.1875,0.1875,0.1875,0.1875,0.1875,,,
3.94981098175049,0,0.1875,0.1875,0.1875,0.1875,0.1875,0.1875,,,
3.95181393623352,0,0.1875,0.1875,0.1875,0.1875,0.1875,0.1875,,,
3.9538140296936,0,0.1875,0.1875,0.1875,0.1875,0.1875,0.1875,,,
3.95581698417664,0,0.1875,0.1875,0.1875,0.1875,0.1875,0.1875,,,
3.95781707763672,0,0.1875,0.1875,0.1875,0.1875,0.1875,0.1875,,,
3.95982003211975,0,0.1875,0.1875,0.1875,0.1875,0.1875,0.1875,,,
3.96182298660278,0,0.1875,0.1875,0.1875,0.1875,0.1875,0.1875,,,
3.96382308006287,0,0.1875,0.1875,0.1875,0.1875,0.1875,0.1875,,,
3.9658260345459,0,0.1875,0.1875,0.1875,0.1875,0.1875,0.1875,,,
3.96782898902893,0,0.1875,0.1875,0.1875,0.1875,0.1875,0.1875,,,
3.96982908248901,0,0.1875,0.1875,0.1875,0.1875,0.1875,0.1875,,,
3.97183203697205,0,0.1875,0.1875,0.1875,0.1875,0.1875,0.1875,,,
3.97383403778076,0,0.1875,0.1875,0.1875,0.1875,0.1875,0.1875,,,
3.97583508491516,0,0.1875,0.1875,0.1875,0.1875,0.1875,0.1875,,,
3.97783803939819,0,0.1875,0.1875,0.1875,0.1875,0.1875,0.1875,,,
3.97979092597961,0,0.1875,0.1875,0.1875,0.1875,0.1875,0.1875,,,
3.98179292678833,0,0.1875,0.1875,0.1875,0.1875,0.1875,0.1875,,,
3.98379397392273,0,0.1875,0.1875,0.1875,0.1875,0.1875,0.1875,,,
3.98579597473145,0,0.1875,0.1875,0.1875,0.1875,0.1875,0.1875,,,
3.98779892921448,0,0.1875,0.1875,0.1875,0.1875,0.1875,0.1875,,,
3.98979997634888,0,0.1875,0.1875,0.1875,0.1875,0.1875,0.1875,,,
3.99180197715759,0,0.1875,0.1875,0.1875,0.1875,0.1875,0.1875,,,
3.99380493164063,0,0.1875,0.1875,0.1875,0.1875,0.1875,0.1875,,,
3.99580597877502,0,0.1875,0.1875,0.1875,0.1875,0.1875,0.1875,,,
3.99780797958374,0,0.1875,0.1875,0.1875,0.1875,0.1875,0.1875,,,
3.99980902671814,0,0.1875,0.1875,0.1875,0.1875,0.1875,0.1875,,,
4.00181198120117,0,0.1875,0.1875,0.1875,0.1875,0.1875,0.1875,,,
4.00381398200989,0,0.1875,0.1875,0.1875,0.1875,0.1875,0.1875,,,
4.00581502914429,0,0.1875,0.1875,0.1875,0.1875,0.1875,0.1875,,,
4.00781798362732,0,0.1875,0.1875,0.1875,0.1875,0.1875,0.1875,,,
4.0098180770874,0,0.1875,0.1875,0.1875,0.1875,0.1875,0.1875,,,
4.01182103157043,0,0.1875,0.1875,0.1875,0.1875,0.1875,0.1875,,,
4.01382112503052,0,0.1875,0.1875,0.1875,0.1875,0.1875,0.1875,,,
4.01582407951355,0,0.1875,0.1875,0.1875,0.1875,0.1875,0.1875,,,
4.01782703399658,0,0.1875,0.1875,0.1875,0.1875,0.1875,0.1875,,,
4.01982712745667,0,0.1875,0.1875,0.1875,0.1875,0.1875,0.1875,,,
4.0218300819397,0,0.1875,0.1875,0.1875,0.1875,0.1875,0.1875,,,
4.02383303642273,0,0.1875,0.1875,0.1875,0.1875,0.1875,0.1875,,,
4.02583312988281,0,0.1875,0.1875,0.1875,0.1875,0.1875,0.1875,,,
4.02783608436584,0,0.1875,0.1875,0.1875,0.1875,0.1875,0.1875,,,
4.02983593940735,0,0.1875,0.1875,0.1875,0.1875,0.1875,0.1875,,,
4.03183913230896,0,0.1875,0.1875,0.1875,0.1875,0.1875,0.1875,,,
4.03384208679199,0,0.1875,0.1875,0.1875,0.1875,0.1875,0.1875,,,
4.0358419418335,0,0.1875,0.1875,0.1875,0.1875,0.1875,0.1875,,,
4.03784513473511,0,0.1875,0.1875,0.1875,0.1875,0.1875,0.1875,,,
4.03984498977661,0,0.1875,0.1875,0.1875,0.1875,0.1875,0.1875,,,
4.04184794425964,0,0.1875,0.1875,0.1875,0.1875,0.1875,0.1875,,,
4.04385113716125,0,0.1875,0.1875,0.1875,0.1875,0.1875,0.1875,,,
4.04585099220276,0,0.1875,0.1875,0.1875,0.1875,0.1875,0.1875,,,
4.04785394668579,0,0.1875,0.1875,0.1875,0.1875,0.1875,0.1875,,,
4.04985404014587,0,0.1875,0.1875,0.1875,0.1875,0.1875,0.1875,,,
4.05185699462891,0,0.1875,0.1875,0.1875,0.1875,0.1875,0.1875,,,
4.05385804176331,0,0.1875,0.1875,0.1875,0.1875,0.1875,0.1875,,,
4.05586004257202,0,0.1875,0.1875,0.1875,0.1875,0.1875,0.1875,,,
4.05786299705505,0,0.1875,0.1875,0.1875,0.1875,0.1875,0.1875,,,
4.05986404418945,0,0.1875,0.1875,0.1875,0.1875,0.1875,0.1875,,,
4.06186604499817,0,0.1875,0.1875,0.1875,0.1875,0.1875,0.1875,,,
4.06386709213257,0,0.1875,0.1875,0.1875,0.1875,0.1875,0.1875,,,
4.0658700466156,0,0.1875,0.1875,0.1875,0.1875,0.1875,0.1875,,,
4.06787204742432,0,0.1875,0.1875,0.1875,0.1875,0.1875,0.1875,,,
4.06987309455872,0,0.1875,0.1875,0.1875,0.1875,0.1875,0.1875,,,
4.07187604904175,0,0.1875,0.1875,0.1875,0.1875,0.1875,0.1875,,,
4.07387590408325,0,0.1875,0.1875,0.1875,0.1875,0.1875,0.1875,,,
4.07587909698486,0,0.1875,0.1875,0.1875,0.1875,0.1875,0.1875,,,
4.0778820514679,0,0.1875,0.1875,0.1875,0.1875,0.1875,0.1875,,,
4.0798819065094,0,0.1875,0.1875,0.1875,0.1875,0.1875,0.1875,,,
4.08188509941101,0,0.1875,0.1875,0.1875,0.1875,0.1875,0.1875,,,
4.08388495445251,0,0.1875,0.1875,0.1875,0.1875,0.1875,0.1875,,,
4.08588790893555,0,0.1875,0.1875,0.1875,0.1875,0.1875,0.1875,,,
4.08789110183716,0,0.1875,0.1875,0.1875,0.1875,0.1875,0.1875,,,
4.08989095687866,0,0.1875,0.1875,0.1875,0.1875,0.1875,0.1875,,,
4.09189391136169,0,0.1875,0.1875,0.1875,0.1875,0.1875,0.1875,,,
4.09389710426331,0,0.1875,0.1875,0.1875,0.1875,0.1875,0.1875,,,
4.09589695930481,0,0.1875,0.1875,0.1875,0.1875,0.1875,0.1875,,,
4.09789991378784,0,0.1875,0.1875,0.1875,0.1875,0.1875,0.1875,,,
4.09990000724792,0,0.1875,0.1875,0.1875,0.1875,0.1875,0.1875,,,
4.10190296173096,0,0.1875,0.1875,0.1875,0.1875,0.1875,0.1875,,,
4.10390591621399,0,0.1875,0.1875,0.1875,0.1875,0.1875,0.1875,,,
4.10590600967407,0,0.1875,0.1875,0.1875,0.1875,0.1875,0.1875,,,
4.1079089641571,0,0.1875,0.1875,0.1875,0.1875,0.1875,0.1875,,,
4.10991191864014,0,0.1875,0.1875,0.1875,0.1875,0.1875,0.1875,,,
4.11191201210022,0,0.1875,0.1875,0.1875,0.1875,0.1875,0.1875,,,
4.11391496658325,0,0.1875,0.1875,0.1875,0.1875,0.1875,0.1875,,,
4.11591792106628,0,0.1875,0.1875,0.1875,0.1875,0.1875,0.1875,,,
4.11791801452637,0,0.1875,0.1875,0.1875,0.1875,0.1875,0.1875,,,
4.1199209690094,0,0.1875,0.1875,0.1875,0.1875,0.1875,0.1875,,,
4.12192296981812,0,0.1875,0.1875,0.1875,0.1875,0.1875,0.1875,,,
4.12392401695251,0,0.1875,0.1875,0.1875,0.1875,0.1875,0.1875,,,
4.12592601776123,0,0.1875,0.1875,0.1875,0.1875,0.1875,0.1875,,,
4.12792706489563,0,0.1875,0.1875,0.1875,0.1875,0.1875,0.1875,,,
4.12993001937866,0,0.1875,0.1875,0.1875,0.1875,0.1875,0.1875,,,
4.13193202018738,0,0.1875,0.1875,0.1875,0.1875,0.1875,0.1875,,,
4.13393306732178,0,0.1875,0.1875,0.1875,0.1875,0.1875,0.1875,,,
4.13593602180481,0,0.1875,0.1875,0.1875,0.1875,0.1875,0.1875,,,
4.13793802261353,0,0.1875,0.1875,0.1875,0.1875,0.1875,0.1875,,,
4.13993906974792,0,0.1875,0.1875,0.1875,0.1875,0.1875,0.1875,,,
4.14194202423096,0,0.1875,0.1875,0.1875,0.1875,0.1875,0.1875,,,
4.14394211769104,0,0.1875,0.1875,0.1875,0.1875,0.1875,0.1875,,,
4.14594507217407,0,0.1875,0.1875,0.1875,0.1875,0.1875,0.1875,,,
4.14794707298279,0,0.1875,0.1875,0.1875,0.1875,0.1875,0.1875,,,
4.14994812011719,0,0.1875,0.1875,0.1875,0.1875,0.1875,0.1875,,,
4.1519501209259,0,0.1875,0.1875,0.1875,0.1875,0.1875,0.1875,,,
4.15395307540894,0,0.1875,0.1875,0.1875,0.1875,0.1875,0.1875,,,
4.15595412254334,0,0.1875,0.1875,0.1875,0.1875,0.1875,0.1875,,,
4.15795612335205,0,0.1875,0.1875,0.1875,0.1875,0.1875,0.1875,,,
4.15995693206787,0,0.1875,0.1875,0.1875,0.1875,0.1875,0.1875,,,
4.16196012496948,0,0.1875,0.1875,0.1875,0.1875,0.1875,0.1875,,,
4.16396307945251,0,0.1875,0.1875,0.1875,0.1875,0.1875,0.1875,,,
4.16596293449402,0,0.1875,0.1875,0.1875,0.1875,0.1875,0.1875,,,
4.16796612739563,0,0.1875,0.1875,0.1875,0.1875,0.1875,0.1875,,,
4.16996598243713,0,0.1875,0.1875,0.1875,0.1875,0.1875,0.1875,,,
4.17196893692017,0,0.1875,0.1875,0.1875,0.1875,0.1875,0.1875,,,
4.17397212982178,0,0.1875,0.1875,0.1875,0.1875,0.1875,0.1875,,,
4.17597198486328,0,0.1875,0.1875,0.1875,0.1875,0.1875,0.1875,,,
4.17797493934631,0,0.1875,0.1875,0.1875,0.1875,0.1875,0.1875,,,
4.1799750328064,0,0.1875,0.1875,0.1875,0.1875,0.1875,0.1875,,,
4.18197798728943,0,0.1875,0.1875,0.1875,0.1875,0.1875,0.1875,,,
4.18397808074951,0,0.1875,0.1875,0.1875,0.1875,0.1875,0.1875,,,
4.18598103523254,0,0.1875,0.1875,0.1875,0.1875,0.1875,0.1875,,,
4.18798398971558,0,0.1875,0.1875,0.1875,0.1875,0.1875,0.1875,,,
4.18998408317566,0,0.1875,0.1875,0.1875,0.1875,0.1875,0.1875,,,
4.19198703765869,0,0.1875,0.1875,0.1875,0.1875,0.1875,0.1875,,,
4.19398808479309,0,0.1875,0.1875,0.1875,0.1875,0.1875,0.1875,,,
4.19599008560181,0,0.1875,0.1875,0.1875,0.1875,0.1875,0.1875,,,
4.19799304008484,0,0.1875,0.1875,0.1875,0.1875,0.1875,0.1875,,,
4.19999408721924,0,0.1875,0.1875,0.1875,0.1875,0.1875,0.1875,,,
4.20199704170227,0,0.1875,0.1875,0.1875,0.1875,0.1875,0.1875,,,
4.20399713516235,0,0.1875,0.1875,0.1875,0.1875,0.1875,0.1875,,,
4.20600008964539,0,0.1875,0.1875,0.1875,0.1875,0.1875,0.1875,,,
4.20800113677979,0,0.1875,0.1875,0.1875,0.1875,0.1875,0.1875,,,
4.21000409126282,0,0.1875,0.1875,0.1875,0.1875,0.1875,0.1875,,,
4.21200394630432,0,0.1875,0.1875,0.1875,0.1875,0.1875,0.1875,,,
4.21400713920593,0,0.1875,0.1875,0.1875,0.1875,0.1875,0.1875,,,
4.21601009368896,0,0.1875,0.1875,0.1875,0.1875,0.1875,0.1875,,,
4.21800994873047,0,0.1875,0.1875,0.1875,0.1875,0.1875,0.1875,,,
4.22001314163208,0,0.1875,0.1875,0.1875,0.1875,0.1875,0.1875,,,
4.22201299667358,0,0.1875,0.1875,0.1875,0.1875,0.1875,0.1875,,,
4.22401595115662,0,0.1875,0.1875,0.1875,0.1875,0.1875,0.1875,,,
4.22601890563965,0,0.1875,0.1875,0.1875,0.1875,0.1875,0.1875,,,
4.22801899909973,0,0.1875,0.1875,0.1875,0.1875,0.1875,0.1875,,,
4.23002195358276,0,0.1875,0.1875,0.1875,0.1875,0.1875,0.1875,,,
4.2320249080658,0,0.1875,0.1875,0.1875,0.1875,0.1875,0.1875,,,
4.23402500152588,0,0.1875,0.1875,0.1875,0.1875,0.1875,0.1875,,,
4.23602700233459,0,0.1875,0.1875,0.1875,0.1875,0.1875,0.1875,,,
4.23802995681763,0,0.1875,0.1875,0.1875,0.1875,0.1875,0.1875,,,
4.24003005027771,0,0.1875,0.1875,0.1875,0.1875,0.1875,0.1875,,,
4.24203300476074,0,0.1875,0.1875,0.1875,0.1875,0.1875,0.1875,,,
4.24403309822083,0,0.1875,0.1875,0.1875,0.1875,0.1875,0.1875,,,
4.24603605270386,0,0.1875,0.1875,0.1875,0.1875,0.1875,0.1875,,,
4.24803900718689,0,0.1875,0.1875,0.1875,0.1875,0.1875,0.1875,,,
4.25003910064697,0,0.1875,0.1875,0.1875,0.1875,0.1875,0.1875,,,
4.25204205513,0,0.1875,0.1875,0.1875,0.1875,0.1875,0.1875,,,
4.25404405593872,0,0.1875,0.1875,0.1875,0.1875,0.1875,0.1875,,,
4.25604701042175,0,0.1875,0.1875,0.1875,0.1875,0.1875,0.1875,,,
4.25804710388184,0,0.1875,0.1875,0.1875,0.1875,0.1875,0.1875,,,
4.26005005836487,0,0.1875,0.1875,0.1875,0.1875,0.1875,0.1875,,,
4.26205205917358,0,0.1875,0.1875,0.1875,0.1875,0.1875,0.1875,,,
4.26405191421509,0,0.1875,0.1875,0.1875,0.1875,0.1875,0.1875,,,
4.2660551071167,0,0.1875,0.1875,0.1875,0.1875,0.1875,0.1875,,,
4.26805806159973,0,0.1875,0.1875,0.1875,0.1875,0.1875,0.1875,,,
4.27005910873413,0,0.1875,0.1875,0.1875,0.1875,0.1875,0.1875,,,
4.27206110954285,0,0.1875,0.1875,0.1875,0.1875,0.1875,0.1875,,,
4.27406406402588,0,0.1875,0.1875,0.1875,0.1875,0.1875,0.1875,,,
4.27606391906738,0,0.1875,0.1875,0.1875,0.1875,0.1875,0.1875,,,
4.2780659198761,0,0.1875,0.1875,0.1875,0.1875,0.1875,0.1875,,,
4.28006911277771,0,0.1875,0.1875,0.1875,0.1875,0.1875,0.1875,,,
4.28206992149353,0,0.1875,0.1875,0.1875,0.1875,0.1875,0.1875,,,
4.28407192230225,0,0.1875,0.1875,0.1875,0.1875,0.1875,0.1875,,,
4.28607392311096,0,0.1875,0.1875,0.1875,0.1875,0.1875,0.1875,,,
4.28807497024536,0,0.1875,0.1875,0.1875,0.1875,0.1875,0.1875,,,
4.29007697105408,0,0.1875,0.1875,0.1875,0.1875,0.1875,0.1875,,,
4.29207992553711,0,0.1875,0.1875,0.1875,0.1875,0.1875,0.1875,,,
4.29408001899719,0,0.1875,0.1875,0.1875,0.1875,0.1875,0.1875,,,
4.29608297348022,0,0.1875,0.1875,0.1875,0.1875,0.1875,0.1875,,,
4.29808592796326,0,0.1875,0.1875,0.1875,0.1875,0.1875,0.1875,,,
4.30008602142334,0,0.1875,0.1875,0.1875,0.1875,0.1875,0.1875,,,
4.30208802223206,0,0.1875,0.1875,0.1875,0.1875,0.1875,0.1875,,,
4.30409097671509,0,0.1875,0.1875,0.1875,0.1875,0.1875,0.1875,,,
4.30609107017517,0,0.1875,0.1875,0.1875,0.1875,0.1875,0.1875,,,
4.3080940246582,0,0.1875,0.1875,0.1875,0.1875,0.1875,0.1875,,,
4.31009697914124,0,0.1875,0.1875,0.1875,0.1875,0.1875,0.1875,,,
4.31209707260132,0,0.1875,0.1875,0.1875,0.1875,0.1875,0.1875,,,
4.31410002708435,0,0.1875,0.1875,0.1875,0.1875,0.1875,0.1875,,,
4.31610012054443,0,0.1875,0.1875,0.1875,0.1875,0.1875,0.1875,,,
4.31810307502747,0,0.1875,0.1875,0.1875,0.1875,0.1875,0.1875,,,
4.32010507583618,0,0.1875,0.1875,0.1875,0.1875,0.1875,0.1875,,,
4.32210803031921,0,0.1875,0.1875,0.1875,0.1875,0.1875,0.1875,,,
4.3241081237793,0,0.1875,0.1875,0.1875,0.1875,0.1875,0.1875,,,
4.32611107826233,0,0.1875,0.1875,0.1875,0.1875,0.1875,0.1875,,,
4.32811307907104,0,0.1875,0.1875,0.1875,0.1875,0.1875,0.1875,,,
4.33011412620544,0,0.1875,0.1875,0.1875,0.1875,0.1875,0.1875,,,
4.33211612701416,0,0.1875,0.1875,0.1875,0.1875,0.1875,0.1875,,,
4.33411908149719,0,0.1875,0.1875,0.1875,0.1875,0.1875,0.1875,,,
4.33612012863159,0,0.1875,0.1875,0.1875,0.1875,0.1875,0.1875,,,
4.33812713623047,0,0.1875,0.1875,0.1875,0.1875,0.1875,0.1875,,,
4.34012794494629,0,0.1875,0.1875,0.1875,0.1875,0.1875,0.1875,,,
4.342129945755,0,0.1875,0.1875,0.1875,0.1875,0.1875,0.1875,,,
4.3441309928894,0,0.1875,0.1875,0.1875,0.1875,0.1875,0.1875,,,
4.34613108634949,0,0.1875,0.1875,0.1875,0.1875,0.1875,0.1875,,,
4.34813094139099,0,0.1875,0.1875,0.1875,0.1875,0.1875,0.1875,,,
4.3501341342926,0,0.1875,0.1875,0.1875,0.1875,0.1875,0.1875,,,
4.35213398933411,0,0.1875,0.1875,0.1875,0.1875,0.1875,0.1875,,,
4.35413694381714,0,0.1875,0.1875,0.1875,0.1875,0.1875,0.1875,,,
4.35613703727722,0,0.1875,0.1875,0.1875,0.1875,0.1875,0.1875,,,
4.35813999176025,0,0.1875,0.1875,0.1875,0.1875,0.1875,0.1875,,,
4.36014008522034,0,0.1875,0.1875,0.1875,0.1875,0.1875,0.1875,,,
4.36214303970337,0,0.1875,0.1875,0.1875,0.1875,0.1875,0.1875,,,
4.3641459941864,0,0.1875,0.1875,0.1875,0.1875,0.1875,0.1875,,,
4.3661470413208,0,0.1875,0.1875,0.1875,0.1875,0.1875,0.1875,,,
4.36814904212952,0,0.1875,0.1875,0.1875,0.1875,0.1875,0.1875,,,
4.37015008926392,0,0.1875,0.1875,0.1875,0.1875,0.1875,0.1875,,,
4.37215304374695,0,0.1875,0.1875,0.1875,0.1875,0.1875,0.1875,,,
4.37415313720703,0,0.1875,0.1875,0.1875,0.1875,0.1875,0.1875,,,
4.37615609169006,0,0.1875,0.1875,0.1875,0.1875,0.1875,0.1875,,,
4.3781590461731,0,0.1875,0.1875,0.1875,0.1875,0.1875,0.1875,,,
4.38015913963318,0,0.1875,0.1875,0.1875,0.1875,0.1875,0.1875,,,
4.38216209411621,0,0.1875,0.1875,0.1875,0.1875,0.1875,0.1875,,,
4.38416194915771,0,0.1875,0.1875,0.1875,0.1875,0.1875,0.1875,,,
4.38616490364075,0,0.1875,0.1875,0.1875,0.1875,0.1875,0.1875,,,
4.38816809654236,0,0.1875,0.1875,0.1875,0.1875,0.1875,0.1875,,,
4.39016795158386,0,0.1875,0.1875,0.1875,0.1875,0.1875,0.1875,,,
4.39217090606689,0,0.1875,0.1875,0.1875,0.1875,0.1875,0.1875,,,
4.39417290687561,0,0.1875,0.1875,0.1875,0.1875,0.1875,0.1875,,,
4.39617395401001,0,0.1875,0.1875,0.1875,0.1875,0.1875,0.1875,,,
4.39817690849304,0,0.1875,0.1875,0.1875,0.1875,0.1875,0.1875,,,
4.40017700195313,0,0.1875,0.1875,0.1875,0.1875,0.1875,0.1875,,,
4.40217995643616,0,0.1875,0.1875,0.1875,0.1875,0.1875,0.1875,,,
4.40418291091919,0,0.1875,0.1875,0.1875,0.1875,0.1875,0.1875,,,
4.40618300437927,0,0.1875,0.1875,0.1875,0.1875,0.1875,0.1875,,,
4.4081859588623,0,0.1875,0.1875,0.1875,0.1875,0.1875,0.1875,,,
4.41018605232239,0,0.1875,0.1875,0.1875,0.1875,0.1875,0.1875,,,
4.41218900680542,0,0.1875,0.1875,0.1875,0.1875,0.1875,0.1875,,,
4.41419196128845,0,0.1875,0.1875,0.1875,0.1875,0.1875,0.1875,,,
4.41619205474854,0,0.1875,0.1875,0.1875,0.1875,0.1875,0.1875,,,
4.41819500923157,0,0.1875,0.1875,0.1875,0.1875,0.1875,0.1875,,,
4.4201979637146,0,0.1875,0.1875,0.1875,0.1875,0.1875,0.1875,,,
4.42219805717468,0,0.1875,0.1875,0.1875,0.1875,0.1875,0.1875,,,
4.42420101165771,0,0.1875,0.1875,0.1875,0.1875,0.1875,0.1875,,,
4.4262011051178,0,0.1875,0.1875,0.1875,0.1875,0.1875,0.1875,,,
4.42820405960083,0,0.1875,0.1875,0.1875,0.1875,0.1875,0.1875,,,
4.43020701408386,0,0.1875,0.1875,0.1875,0.1875,0.1875,0.1875,,,
4.43220710754395,0,0.1875,0.1875,0.1875,0.1875,0.1875,0.1875,,,
4.43421006202698,0,0.1875,0.1875,0.1875,0.1875,0.1875,0.1875,,,
4.43620991706848,0,0.1875,0.1875,0.1875,0.1875,0.1875,0.1875,,,
4.43821310997009,0,0.1875,0.1875,0.1875,0.1875,0.1875,0.1875,,,
4.44021606445313,0,0.1875,0.1875,0.1875,0.1875,0.1875,0.1875,,,
4.44221591949463,0,0.1875,0.1875,0.1875,0.1875,0.1875,0.1875,,,
4.44421911239624,0,0.1875,0.1875,0.1875,0.1875,0.1875,0.1875,,,
4.44621896743774,0,0.1875,0.1875,0.1875,0.1875,0.1875,0.1875,,,
4.44822192192078,0,0.1875,0.1875,0.1875,0.1875,0.1875,0.1875,,,
4.45022511482239,0,0.1875,0.1875,0.1875,0.1875,0.1875,0.1875,,,
4.45222496986389,0,0.1875,0.1875,0.1875,0.1875,0.1875,0.1875,,,
4.45422792434692,0,0.1875,0.1875,0.1875,0.1875,0.1875,0.1875,,,
4.45623111724854,0,0.1875,0.1875,0.1875,0.1875,0.1875,0.1875,,,
4.45823097229004,0,0.1875,0.1875,0.1875,0.1875,0.1875,0.1875,,,
4.46023392677307,0,0.1875,0.1875,0.1875,0.1875,0.1875,0.1875,,,
4.46223402023315,0,0.1875,0.1875,0.1875,0.1875,0.1875,0.1875,,,
4.46423697471619,0,0.1875,0.1875,0.1875,0.1875,0.1875,0.1875,,,
4.46623802185059,0,0.1875,0.1875,0.1875,0.1875,0.1875,0.1875,,,
4.4682400226593,0,0.1875,0.1875,0.1875,0.1875,0.1875,0.1875,,,
4.47024297714233,0,0.1875,0.1875,0.1875,0.1875,0.1875,0.1875,,,
4.47224402427673,0,0.1875,0.1875,0.1875,0.1875,0.1875,0.1875,,,
4.47424602508545,0,0.1875,0.1875,0.1875,0.1875,0.1875,0.1875,,,
4.47624707221985,0,0.1875,0.1875,0.1875,0.1875,0.1875,0.1875,,,
4.47825002670288,0,0.1875,0.1875,0.1875,0.1875,0.1875,0.1875,,,
4.4802520275116,0,0.1875,0.1875,0.1875,0.1875,0.1875,0.1875,,,
4.48218703269959,0,0.1875,0.1875,0.1875,0.1875,0.1875,0.1875,,,
4.48418998718262,0,0.1875,0.1875,0.1875,0.1875,0.1875,0.1875,,,
4.48619294166565,0,0.1875,0.1875,0.1875,0.1875,0.1875,0.1875,,,
4.48819303512573,0,0.1875,0.1875,0.1875,0.1875,0.1875,0.1875,,,
4.49019598960876,0,0.1875,0.1875,0.1875,0.1875,0.1875,0.1875,,,
4.49219703674316,0,0.1875,0.1875,0.1875,0.1875,0.1875,0.1875,,,
4.49419903755188,0,0.1875,0.1875,0.1875,0.1875,0.1875,0.1875,,,
4.49620199203491,0,0.1875,0.1875,0.1875,0.1875,0.1875,0.1875,,,
4.49820303916931,0,0.1875,0.1875,0.1875,0.1875,0.1875,0.1875,,,
4.50020503997803,0,0.1875,0.1875,0.1875,0.1875,0.1875,0.1875,,,
4.50220608711243,0,0.1875,0.1875,0.1875,0.1875,0.1875,0.1875,,,
4.50420904159546,0,0.1875,0.1875,0.1875,0.1875,0.1875,0.1875,,,
4.50621104240417,0,0.1875,0.1875,0.1875,0.1875,0.1875,0.1875,,,
4.50821208953857,0,0.1875,0.1875,0.1875,0.1875,0.1875,0.1875,,,
4.51021504402161,0,0.1875,0.1875,0.1875,0.1875,0.1875,0.1875,,,
4.51221513748169,0,0.1875,0.1875,0.1875,0.1875,0.1875,0.1875,,,
4.51421809196472,0,0.1875,0.1875,0.1875,0.1875,0.1875,0.1875,,,
4.51622009277344,0,0.1875,0.1875,0.1875,0.1875,0.1875,0.1875,,,
4.51822113990784,0,0.1875,0.1875,0.1875,0.1875,0.1875,0.1875,,,
4.52022409439087,0,0.1875,0.1875,0.1875,0.1875,0.1875,0.1875,,,
4.52222394943237,0,0.1875,0.1875,0.1875,0.1875,0.1875,0.1875,,,
4.52422690391541,0,0.1875,0.1875,0.1875,0.1875,0.1875,0.1875,,,
4.52623009681702,0,0.1875,0.1875,0.1875,0.1875,0.1875,0.1875,,,
4.52822995185852,0,0.1875,0.1875,0.1875,0.1875,0.1875,0.1875,,,
4.53023290634155,0,0.1875,0.1875,0.1875,0.1875,0.1875,0.1875,,,
4.53223299980164,0,0.1875,0.1875,0.1875,0.1875,0.1875,0.1875,,,
4.53423595428467,0,0.1875,0.1875,0.1875,0.1875,0.1875,0.1875,,,
4.5362389087677,0,0.1875,0.1875,0.1875,0.1875,0.1875,0.1875,,,
4.53823900222778,0,0.1875,0.1875,0.1875,0.1875,0.1875,0.1875,,,
4.54024195671082,0,0.1875,0.1875,0.1875,0.1875,0.1875,0.1875,,,
4.5422420501709,0,0.1875,0.1875,0.1875,0.1875,0.1875,0.1875,,,
4.54424500465393,0,0.1875,0.1875,0.1875,0.1875,0.1875,0.1875,,,
4.54624795913696,0,0.1875,0.1875,0.1875,0.1875,0.1875,0.1875,,,
4.54824805259705,0,0.1875,0.1875,0.1875,0.1875,0.1875,0.1875,,,
4.55025100708008,0,0.1875,0.1875,0.1875,0.1875,0.1875,0.1875,,,
4.55225300788879,0,0.1875,0.1875,0.1875,0.1875,0.1875,0.1875,,,
4.55425405502319,0,0.1875,0.1875,0.1875,0.1875,0.1875,0.1875,,,
4.55625605583191,0,0.1875,0.1875,0.1875,0.1875,0.1875,0.1875,,,
4.55825710296631,0,0.1875,0.1875,0.1875,0.1875,0.1875,0.1875,,,
4.56026005744934,0,0.1875,0.1875,0.1875,0.1875,0.1875,0.1875,,,
4.56226205825806,0,0.1875,0.1875,0.1875,0.1875,0.1875,0.1875,,,
4.56426310539246,0,0.1875,0.1875,0.1875,0.1875,0.1875,0.1875,,,
4.56626510620117,0,0.1875,0.1875,0.1875,0.1875,0.1875,0.1875,,,
4.56826591491699,0,0.1875,0.1875,0.1875,0.1875,0.1875,0.1875,,,
4.57026791572571,0,0.1875,0.1875,0.1875,0.1875,0.1875,0.1875,,,
4.57227110862732,0,0.1875,0.1875,0.1875,0.1875,0.1875,0.1875,,,
4.57427096366882,0,0.1875,0.1875,0.1875,0.1875,0.1875,0.1875,,,
4.57627391815186,0,0.1875,0.1875,0.1875,0.1875,0.1875,0.1875,,,
4.57827496528625,0,0.1875,0.1875,0.1875,0.1875,0.1875,0.1875,,,
4.58027696609497,0,0.1875,0.1875,0.1875,0.1875,0.1875,0.1875,,,
4.582279920578,0,0.1875,0.1875,0.1875,0.1875,0.1875,0.1875,,,
4.58428001403809,0,0.1875,0.1875,0.1875,0.1875,0.1875,0.1875,,,
4.58628296852112,0,0.1875,0.1875,0.1875,0.1875,0.1875,0.1875,,,
4.58828592300415,0,0.1875,0.1875,0.1875,0.1875,0.1875,0.1875,,,
4.59028601646423,0,0.1875,0.1875,0.1875,0.1875,0.1875,0.1875,,,
4.59228897094727,0,0.1875,0.1875,0.1875,0.1875,0.1875,0.1875,,,
4.59428906440735,0,0.1875,0.1875,0.1875,0.1875,0.1875,0.1875,,,
4.59629201889038,0,0.1875,0.1875,0.1875,0.1875,0.1875,0.1875,,,
4.59829497337341,0,0.1875,0.1875,0.1875,0.1875,0.1875,0.1875,,,
4.6002950668335,0,0.1875,0.1875,0.1875,0.1875,0.1875,0.1875,,,
4.60229802131653,0,0.1875,0.1875,0.1875,0.1875,0.1875,0.1875,,,
4.60429811477661,0,0.1875,0.1875,0.1875,0.1875,0.1875,0.1875,,,
4.60630106925964,0,0.1875,0.1875,0.1875,0.1875,0.1875,0.1875,,,
4.60830402374268,0,0.1875,0.1875,0.1875,0.1875,0.1875,0.1875,,,
4.61030507087708,0,0.1875,0.1875,0.1875,0.1875,0.1875,0.1875,,,
4.61230707168579,0,0.1875,0.1875,0.1875,0.1875,0.1875,0.1875,,,
4.61430811882019,0,0.1875,0.1875,0.1875,0.1875,0.1875,0.1875,,,
4.61631107330322,0,0.1875,0.1875,0.1875,0.1875,0.1875,0.1875,,,
4.61831092834473,0,0.1875,0.1875,0.1875,0.1875,0.1875,0.1875,,,
4.62031412124634,0,0.1875,0.1875,0.1875,0.1875,0.1875,0.1875,,,
4.62231612205505,0,0.1875,0.1875,0.1875,0.1875,0.1875,0.1875,,,
4.62431693077087,0,0.1875,0.1875,0.1875,0.1875,0.1875,0.1875,,,
4.62632012367249,0,0.1875,0.1875,0.1875,0.1875,0.1875,0.1875,,,
4.6283221244812,0,0.1875,0.1875,0.1875,0.1875,0.1875,0.1875,,,
4.63032293319702,0,0.1875,0.1875,0.1875,0.1875,0.1875,0.1875,,,
4.63232612609863,0,0.1875,0.1875,0.1875,0.1875,0.1875,0.1875,,,
4.63432598114014,0,0.1875,0.1875,0.1875,0.1875,0.1875,0.1875,,,
4.63632893562317,0,0.1875,0.1875,0.1875,0.1875,0.1875,0.1875,,,
4.63833093643188,0,0.1875,0.1875,0.1875,0.1875,0.1875,0.1875,,,
4.64033198356628,0,0.1875,0.1875,0.1875,0.1875,0.1875,0.1875,,,
4.64233493804932,0,0.1875,0.1875,0.1875,0.1875,0.1875,0.1875,,,
4.64433693885803,0,0.1875,0.1875,0.1875,0.1875,0.1875,0.1875,,,
4.64633798599243,0,0.1875,0.1875,0.1875,0.1875,0.1875,0.1875,,,
4.64834094047546,0,0.1875,0.1875,0.1875,0.1875,0.1875,0.1875,,,
4.65034103393555,0,0.1875,0.1875,0.1875,0.1875,0.1875,0.1875,,,
4.65234398841858,0,0.1875,0.1875,0.1875,0.1875,0.1875,0.1875,,,
4.65434598922729,0,0.1875,0.1875,0.1875,0.1875,0.1875,0.1875,,,
4.65634703636169,0,0.1875,0.1875,0.1875,0.1875,0.1875,0.1875,,,
4.65834999084473,0,0.1875,0.1875,0.1875,0.1875,0.1875,0.1875,,,
4.66035008430481,0,0.1875,0.1875,0.1875,0.1875,0.1875,0.1875,,,
4.66235303878784,0,0.1875,0.1875,0.1875,0.1875,0.1875,0.1875,,,
4.66435503959656,0,0.1875,0.1875,0.1875,0.1875,0.1875,0.1875,,,
4.66635799407959,0,0.1875,0.1875,0.1875,0.1875,0.1875,0.1875,,,
4.66835808753967,0,0.1875,0.1875,0.1875,0.1875,0.1875,0.1875,,,
4.67036104202271,0,0.1875,0.1875,0.1875,0.1875,0.1875,0.1875,,,
4.67236399650574,0,0.1875,0.1875,0.1875,0.1875,0.1875,0.1875,,,
4.67436408996582,0,0.1875,0.1875,0.1875,0.1875,0.1875,0.1875,,,
4.67636704444885,0,0.1875,0.1875,0.1875,0.1875,0.1875,0.1875,,,
4.67836713790894,0,0.1875,0.1875,0.1875,0.1875,0.1875,0.1875,,,
4.68037009239197,0,0.1875,0.1875,0.1875,0.1875,0.1875,0.1875,,,
4.682373046875,0,0.1875,0.1875,0.1875,0.1875,0.1875,0.1875,,,
4.68437314033508,0,0.1875,0.1875,0.1875,0.1875,0.1875,0.1875,,,
4.68637609481812,0,0.1875,0.1875,0.1875,0.1875,0.1875,0.1875,,,
4.68837594985962,0,0.1875,0.1875,0.1875,0.1875,0.1875,0.1875,,,
4.69037890434265,0,0.1875,0.1875,0.1875,0.1875,0.1875,0.1875,,,
4.69238209724426,0,0.1875,0.1875,0.1875,0.1875,0.1875,0.1875,,,
4.69438195228577,0,0.1875,0.1875,0.1875,0.1875,0.1875,0.1875,,,
4.6963849067688,0,0.1875,0.1875,0.1875,0.1875,0.1875,0.1875,,,
4.69838809967041,0,0.1875,0.1875,0.1875,0.1875,0.1875,0.1875,,,
4.70038795471191,0,0.1875,0.1875,0.1875,0.1875,0.1875,0.1875,,,
4.70239090919495,0,0.1875,0.1875,0.1875,0.1875,0.1875,0.1875,,,
4.70439410209656,0,0.1875,0.1875,0.1875,0.1875,0.1875,0.1875,,,
4.70639395713806,0,0.1875,0.1875,0.1875,0.1875,0.1875,0.1875,,,
4.70839691162109,0,0.1875,0.1875,0.1875,0.1875,0.1875,0.1875,,,
4.71039700508118,0,0.1875,0.1875,0.1875,0.1875,0.1875,0.1875,,,
4.71239995956421,0,0.1875,0.1875,0.1875,0.1875,0.1875,0.1875,,,
4.71440291404724,0,0.1875,0.1875,0.1875,0.1875,0.1875,0.1875,,,
4.71640300750732,0,0.1875,0.1875,0.1875,0.1875,0.1875,0.1875,,,
4.71840596199036,0,0.1875,0.1875,0.1875,0.1875,0.1875,0.1875,,,
4.72040605545044,0,0.1875,0.1875,0.1875,0.1875,0.1875,0.1875,,,
4.72240900993347,0,0.1875,0.1875,0.1875,0.1875,0.1875,0.1875,,,
4.7244119644165,0,0.1875,0.1875,0.1875,0.1875,0.1875,0.1875,,,
4.72641205787659,0,0.1875,0.1875,0.1875,0.1875,0.1875,0.1875,,,
4.72841501235962,0,0.1875,0.1875,0.1875,0.1875,0.1875,0.1875,,,
4.7304151058197,0,0.1875,0.1875,0.1875,0.1875,0.1875,0.1875,,,
4.73241806030273,0,0.1875,0.1875,0.1875,0.1875,0.1875,0.1875,,,
4.73442101478577,0,0.1875,0.1875,0.1875,0.1875,0.1875,0.1875,,,
4.73642110824585,0,0.1875,0.1875,0.1875,0.1875,0.1875,0.1875,,,
4.73842406272888,0,0.1875,0.1875,0.1875,0.1875,0.1875,0.1875,,,
4.74042391777039,0,0.1875,0.1875,0.1875,0.1875,0.1875,0.1875,,,
4.742427110672,0,0.1875,0.1875,0.1875,0.1875,0.1875,0.1875,,,
4.74443006515503,0,0.1875,0.1875,0.1875,0.1875,0.1875,0.1875,,,
4.74642992019653,0,0.1875,0.1875,0.1875,0.1875,0.1875,0.1875,,,
4.74843311309814,0,0.1875,0.1875,0.1875,0.1875,0.1875,0.1875,,,
4.75043296813965,0,0.1875,0.1875,0.1875,0.1875,0.1875,0.1875,,,
4.75243592262268,0,0.1875,0.1875,0.1875,0.1875,0.1875,0.1875,,,
4.75443911552429,0,0.1875,0.1875,0.1875,0.1875,0.1875,0.1875,,,
4.7564389705658,0,0.1875,0.1875,0.1875,0.1875,0.1875,0.1875,,,
4.75844192504883,0,0.1875,0.1875,0.1875,0.1875,0.1875,0.1875,,,
4.76044201850891,0,0.1875,0.1875,0.1875,0.1875,0.1875,0.1875,,,
4.76244497299194,0,0.1875,0.1875,0.1875,0.1875,0.1875,0.1875,,,
4.76444792747498,0,0.1875,0.1875,0.1875,0.1875,0.1875,0.1875,,,
4.76644802093506,0,0.1875,0.1875,0.1875,0.1875,0.1875,0.1875,,,
4.76845097541809,0,0.1875,0.1875,0.1875,0.1875,0.1875,0.1875,,,
4.77045106887817,0,0.1875,0.1875,0.1875,0.1875,0.1875,0.1875,,,
4.77245402336121,0,0.1875,0.1875,0.1875,0.1875,0.1875,0.1875,,,
4.77445697784424,0,0.1875,0.1875,0.1875,0.1875,0.1875,0.1875,,,
4.77645707130432,0,0.1875,0.1875,0.1875,0.1875,0.1875,0.1875,,,
4.77846002578735,0,0.1875,0.1875,0.1875,0.1875,0.1875,0.1875,,,
4.78046011924744,0,0.1875,0.1875,0.1875,0.1875,0.1875,0.1875,,,
4.78246307373047,0,0.1875,0.1875,0.1875,0.1875,0.1875,0.1875,,,
4.7844660282135,0,0.1875,0.1875,0.1875,0.1875,0.1875,0.1875,,,
4.78646612167358,0,0.1875,0.1875,0.1875,0.1875,0.1875,0.1875,,,
4.78846907615662,0,0.1875,0.1875,0.1875,0.1875,0.1875,0.1875,,,
4.79047203063965,0,0.1875,0.1875,0.1875,0.1875,0.1875,0.1875,,,
4.79247212409973,0,0.1875,0.1875,0.1875,0.1875,0.1875,0.1875,,,
4.79447507858276,0,0.1875,0.1875,0.1875,0.1875,0.1875,0.1875,,,
4.79647612571716,0,0.1875,0.1875,0.1875,0.1875,0.1875,0.1875,,,
4.79847812652588,0,0.1875,0.1875,0.1875,0.1875,0.1875,0.1875,,,
4.8004789352417,0,0.1875,0.1875,0.1875,0.1875,0.1875,0.1875,,,
4.80248093605042,0,0.1875,0.1875,0.1875,0.1875,0.1875,0.1875,,,
4.80448412895203,0,0.1875,0.1875,0.1875,0.1875,0.1875,0.1875,,,
4.80648493766785,0,0.1875,0.1875,0.1875,0.1875,0.1875,0.1875,,,
4.80848693847656,0,0.1875,0.1875,0.1875,0.1875,0.1875,0.1875,,,
4.81048798561096,0,0.1875,0.1875,0.1875,0.1875,0.1875,0.1875,,,
4.81248998641968,0,0.1875,0.1875,0.1875,0.1875,0.1875,0.1875,,,
4.81449294090271,0,0.1875,0.1875,0.1875,0.1875,0.1875,0.1875,,,
4.81649303436279,0,0.1875,0.1875,0.1875,0.1875,0.1875,0.1875,,,
4.81849598884583,0,0.1875,0.1875,0.1875,0.1875,0.1875,0.1875,,,
4.82049703598022,0,0.1875,0.1875,0.1875,0.1875,0.1875,0.1875,,,
4.82249903678894,0,0.1875,0.1875,0.1875,0.1875,0.1875,0.1875,,,
4.82450199127197,0,0.1875,0.1875,0.1875,0.1875,0.1875,0.1875,,,
4.82650208473206,0,0.1875,0.1875,0.1875,0.1875,0.1875,0.1875,,,
4.82850503921509,0,0.1875,0.1875,0.1875,0.1875,0.1875,0.1875,,,
4.83050799369812,0,0.1875,0.1875,0.1875,0.1875,0.1875,0.1875,,,
4.8325080871582,0,0.1875,0.1875,0.1875,0.1875,0.1875,0.1875,,,
4.83451104164124,0,0.1875,0.1875,0.1875,0.1875,0.1875,0.1875,,,
4.83651113510132,0,0.1875,0.1875,0.1875,0.1875,0.1875,0.1875,,,
4.83851408958435,0,0.1875,0.1875,0.1875,0.1875,0.1875,0.1875,,,
4.84051513671875,0,0.1875,0.1875,0.1875,0.1875,0.1875,0.1875,,,
4.84251713752747,0,0.1875,0.1875,0.1875,0.1875,0.1875,0.1875,,,
4.8445200920105,0,0.1875,0.1875,0.1875,0.1875,0.1875,0.1875,,,
4.846519947052,0,0.1875,0.1875,0.1875,0.1875,0.1875,0.1875,,,
4.84852313995361,0,0.1875,0.1875,0.1875,0.1875,0.1875,0.1875,,,
4.85052394866943,0,0.1875,0.1875,0.1875,0.1875,0.1875,0.1875,,,
4.85252594947815,0,0.1875,0.1875,0.1875,0.1875,0.1875,0.1875,,,
4.85452890396118,0,0.1875,0.1875,0.1875,0.1875,0.1875,0.1875,,,
4.85652995109558,0,0.1875,0.1875,0.1875,0.1875,0.1875,0.1875,,,
4.8585319519043,0,0.1875,0.1875,0.1875,0.1875,0.1875,0.1875,,,
4.8605329990387,0,0.1875,0.1875,0.1875,0.1875,0.1875,0.1875,,,
4.86253595352173,0,0.1875,0.1875,0.1875,0.1875,0.1875,0.1875,,,
4.86453604698181,0,0.1875,0.1875,0.1875,0.1875,0.1875,0.1875,,,
4.86653900146484,0,0.1875,0.1875,0.1875,0.1875,0.1875,0.1875,,,
4.86854195594788,0,0.1875,0.1875,0.1875,0.1875,0.1875,0.1875,,,
4.87054204940796,0,0.1875,0.1875,0.1875,0.1875,0.1875,0.1875,,,
4.87254500389099,0,0.1875,0.1875,0.1875,0.1875,0.1875,0.1875,,,
4.87454795837402,0,0.1875,0.1875,0.1875,0.1875,0.1875,0.1875,,,
4.87654805183411,0,0.1875,0.1875,0.1875,0.1875,0.1875,0.1875,,,
4.87855100631714,0,0.1875,0.1875,0.1875,0.1875,0.1875,0.1875,,,
4.88055109977722,0,0.1875,0.1875,0.1875,0.1875,0.1875,0.1875,,,
4.88255405426025,0,0.1875,0.1875,0.1875,0.1875,0.1875,0.1875,,,
4.88455700874329,0,0.1875,0.1875,0.1875,0.1875,0.1875,0.1875,,,
4.88655710220337,0,0.1875,0.1875,0.1875,0.1875,0.1875,0.1875,,,
4.8885600566864,0,0.1875,0.1875,0.1875,0.1875,0.1875,0.1875,,,
4.89055991172791,0,0.1875,0.1875,0.1875,0.1875,0.1875,0.1875,,,
4.89256310462952,0,0.1875,0.1875,0.1875,0.1875,0.1875,0.1875,,,
4.89456605911255,0,0.1875,0.1875,0.1875,0.1875,0.1875,0.1875,,,
4.89656591415405,0,0.1875,0.1875,0.1875,0.1875,0.1875,0.1875,,,
4.89856910705566,0,0.1875,0.1875,0.1875,0.1875,0.1875,0.1875,,,
4.90056896209717,0,0.1875,0.1875,0.1875,0.1875,0.1875,0.1875,,,
4.9025719165802,0,0.1875,0.1875,0.1875,0.1875,0.1875,0.1875,,,
4.90457510948181,0,0.1875,0.1875,0.1875,0.1875,0.1875,0.1875,,,
4.90657591819763,0,0.1875,0.1875,0.1875,0.1875,0.1875,0.1875,,,
4.90857791900635,0,0.1875,0.1875,0.1875,0.1875,0.1875,0.1875,,,
4.91057896614075,0,0.1875,0.1875,0.1875,0.1875,0.1875,0.1875,,,
4.91258096694946,0,0.1875,0.1875,0.1875,0.1875,0.1875,0.1875,,,
4.9145839214325,0,0.1875,0.1875,0.1875,0.1875,0.1875,0.1875,,,
4.91658496856689,0,0.1875,0.1875,0.1875,0.1875,0.1875,0.1875,,,
4.91858696937561,0,0.1875,0.1875,0.1875,0.1875,0.1875,0.1875,,,
4.92058801651001,0,0.1875,0.1875,0.1875,0.1875,0.1875,0.1875,,,
4.92259097099304,0,0.1875,0.1875,0.1875,0.1875,0.1875,0.1875,,,
4.92459297180176,0,0.1875,0.1875,0.1875,0.1875,0.1875,0.1875,,,
4.92659401893616,0,0.1875,0.1875,0.1875,0.1875,0.1875,0.1875,,,
4.92859601974487,0,0.1875,0.1875,0.1875,0.1875,0.1875,0.1875,,,
4.93059897422791,0,0.1875,0.1875,0.1875,0.1875,0.1875,0.1875,,,
4.9326000213623,0,0.1875,0.1875,0.1875,0.1875,0.1875,0.1875,,,
4.93460202217102,0,0.1875,0.1875,0.1875,0.1875,0.1875,0.1875,,,
4.93660497665405,0,0.1875,0.1875,0.1875,0.1875,0.1875,0.1875,,,
4.93860602378845,0,0.1875,0.1875,0.1875,0.1875,0.1875,0.1875,,,
4.94060802459717,0,0.1875,0.1875,0.1875,0.1875,0.1875,0.1875,,,
4.94260907173157,0,0.1875,0.1875,0.1875,0.1875,0.1875,0.1875,,,
4.9446120262146,0,0.1875,0.1875,0.1875,0.1875,0.1875,0.1875,,,
4.94661211967468,0,0.1875,0.1875,0.1875,0.1875,0.1875,0.1875,,,
4.94861507415771,0,0.1875,0.1875,0.1875,0.1875,0.1875,0.1875,,,
4.95061802864075,0,0.1875,0.1875,0.1875,0.1875,0.1875,0.1875,,,
4.95261812210083,0,0.1875,0.1875,0.1875,0.1875,0.1875,0.1875,,,
4.95462107658386,0,0.1875,0.1875,0.1875,0.1875,0.1875,0.1875,,,
4.95662093162537,0,0.1875,0.1875,0.1875,0.1875,0.1875,0.1875,,,
4.95862412452698,0,0.1875,0.1875,0.1875,0.1875,0.1875,0.1875,,,
4.96062707901001,0,0.1875,0.1875,0.1875,0.1875,0.1875,0.1875,,,
4.96262693405151,0,0.1875,0.1875,0.1875,0.1875,0.1875,0.1875,,,
4.96463012695313,0,0.1875,0.1875,0.1875,0.1875,0.1875,0.1875,,,
4.96663308143616,0,0.1875,0.1875,0.1875,0.1875,0.1875,0.1875,,,
4.96863293647766,0,0.1875,0.1875,0.1875,0.1875,0.1875,0.1875,,,
4.97063612937927,0,0.1875,0.1875,0.1875,0.1875,0.1875,0.1875,,,
4.97263813018799,0,0.1875,0.1875,0.1875,0.1875,0.1875,0.1875,,,
4.97463893890381,0,0.1875,0.1875,0.1875,0.1875,0.1875,0.1875,,,
4.97664093971252,0,0.1875,0.1875,0.1875,0.1875,0.1875,0.1875,,,
4.97864198684692,0,0.1875,0.1875,0.1875,0.1875,0.1875,0.1875,,,
4.98061513900757,0,0.1875,0.1875,0.1875,0.1875,0.1875,0.1875,,,
4.9826180934906,0,0.1875,0.1875,0.1875,0.1875,0.1875,0.1875,,,
4.984619140625,0,0.1875,0.1875,0.1875,0.1875,0.1875,0.1875,,,
4.98662114143372,0,0.1875,0.1875,0.1875,0.1875,0.1875,0.1875,,,
4.98862195014954,0,0.1875,0.1875,0.1875,0.1875,0.1875,0.1875,,,
4.99062490463257,0,0.1875,0.1875,0.1875,0.1875,0.1875,0.1875,,,
4.99262690544128,0,0.1875,0.1875,0.1875,0.1875,0.1875,0.1875,,,
4.99462795257568,0,0.1875,0.1875,0.1875,0.1875,0.1875,0.1875,,,
4.99663090705872,0,0.1875,0.1875,0.1875,0.1875,0.1875,0.1875,,,
4.9986310005188,0,0.1875,0.1875,0.1875,0.1875,0.1875,0.1875,,,
5.00063395500183,0,0.1875,0.1875,0.1875,0.1875,0.1875,0.1875,,,
5.00263595581055,0,0.1875,0.1875,0.1875,0.1875,0.1875,0.1875,,,
5.00463700294495,0,0.1875,0.1875,0.1875,0.1875,0.1875,0.1875,,,
5.00663995742798,0,0.1875,0.1875,0.1875,0.1875,0.1875,0.1875,,,
5.00864005088806,0,0.1875,0.1875,0.1875,0.1875,0.1875,0.1875,,,
5.01064300537109,0,0.1875,0.1875,0.1875,0.1875,0.1875,0.1875,,,
5.01264595985413,0,0.1875,0.1875,0.1875,0.1875,0.1875,0.1875,,,
5.01464605331421,0,0.1875,0.1875,0.1875,0.1875,0.1875,0.1875,,,
5.01664900779724,0,0.1875,0.1875,0.1875,0.1875,0.1875,0.1875,,,
5.01864910125732,0,0.1875,0.1875,0.1875,0.1875,0.1875,0.1875,,,
5.02065205574036,0,0.1875,0.1875,0.1875,0.1875,0.1875,0.1875,,,
5.02265501022339,0,0.1875,0.1875,0.1875,0.1875,0.1875,0.1875,,,
5.02465510368347,0,0.1875,0.1875,0.1875,0.1875,0.1875,0.1875,,,
5.0266580581665,0,0.1875,0.1875,0.1875,0.1875,0.1875,0.1875,,,
5.02865791320801,0,0.1875,0.1875,0.1875,0.1875,0.1875,0.1875,,,
5.03066110610962,0,0.1875,0.1875,0.1875,0.1875,0.1875,0.1875,,,
5.03266406059265,0,0.1875,0.1875,0.1875,0.1875,0.1875,0.1875,,,
5.03466391563416,0,0.1875,0.1875,0.1875,0.1875,0.1875,0.1875,,,
5.03666710853577,0,0.1875,0.1875,0.1875,0.1875,0.1875,0.1875,,,
5.03866696357727,0,0.1875,0.1875,0.1875,0.1875,0.1875,0.1875,,,
5.0406699180603,0,0.1875,0.1875,0.1875,0.1875,0.1875,0.1875,,,
5.04267311096191,0,0.1875,0.1875,0.1875,0.1875,0.1875,0.1875,,,
5.04467296600342,0,0.1875,0.1875,0.1875,0.1875,0.1875,0.1875,,,
5.04667592048645,0,0.1875,0.1875,0.1875,0.1875,0.1875,0.1875,,,
5.04867911338806,0,0.1875,0.1875,0.1875,0.1875,0.1875,0.1875,,,
5.05067896842957,0,0.1875,0.1875,0.1875,0.1875,0.1875,0.1875,,,
5.0526819229126,0,0.1875,0.1875,0.1875,0.1875,0.1875,0.1875,,,
5.054682970047,0,0.1875,0.1875,0.1875,0.1875,0.1875,0.1875,,,
5.05668497085571,0,0.1875,0.1875,0.1875,0.1875,0.1875,0.1875,,,
5.05868792533875,0,0.1875,0.1875,0.1875,0.1875,0.1875,0.1875,,,
5.06068897247314,0,0.1875,0.1875,0.1875,0.1875,0.1875,0.1875,,,
5.06269097328186,0,0.1875,0.1875,0.1875,0.1875,0.1875,0.1875,,,
5.06469202041626,0,0.1875,0.1875,0.1875,0.1875,0.1875,0.1875,,,
5.06669402122498,0,0.1875,0.1875,0.1875,0.1875,0.1875,0.1875,,,
5.06869697570801,0,0.1875,0.1875,0.1875,0.1875,0.1875,0.1875,,,
5.07069802284241,0,0.1875,0.1875,0.1875,0.1875,0.1875,0.1875,,,
5.07270002365112,0,0.1875,0.1875,0.1875,0.1875,0.1875,0.1875,,,
5.07470107078552,0,0.1875,0.1875,0.1875,0.1875,0.1875,0.1875,,,
5.07670307159424,0,0.1875,0.1875,0.1875,0.1875,0.1875,0.1875,,,
5.07870602607727,0,0.1875,0.1875,0.1875,0.1875,0.1875,0.1875,,,
5.08070611953735,0,0.1875,0.1875,0.1875,0.1875,0.1875,0.1875,,,
5.08270907402039,0,0.1875,0.1875,0.1875,0.1875,0.1875,0.1875,,,
5.08471202850342,0,0.1875,0.1875,0.1875,0.1875,0.1875,0.1875,,,
5.0867121219635,0,0.1875,0.1875,0.1875,0.1875,0.1875,0.1875,,,
5.08871507644653,0,0.1875,0.1875,0.1875,0.1875,0.1875,0.1875,,,
5.09071493148804,0,0.1875,0.1875,0.1875,0.1875,0.1875,0.1875,,,
5.09271812438965,0,0.1875,0.1875,0.1875,0.1875,0.1875,0.1875,,,
5.09472107887268,0,0.1875,0.1875,0.1875,0.1875,0.1875,0.1875,,,
5.09672093391418,0,0.1875,0.1875,0.1875,0.1875,0.1875,0.1875,,,
5.0987241268158,0,0.1875,0.1875,0.1875,0.1875,0.1875,0.1875,,,
5.1007239818573,0,0.1875,0.1875,0.1875,0.1875,0.1875,0.1875,,,
5.10272693634033,0,0.1875,0.1875,0.1875,0.1875,0.1875,0.1875,,,
5.10473012924194,0,0.1875,0.1875,0.1875,0.1875,0.1875,0.1875,,,
5.10672998428345,0,0.1875,0.1875,0.1875,0.1875,0.1875,0.1875,,,
5.10873293876648,0,0.1875,0.1875,0.1875,0.1875,0.1875,0.1875,,,
5.11073303222656,0,0.1875,0.1875,0.1875,0.1875,0.1875,0.1875,,,
5.11273598670959,0,0.1875,0.1875,0.1875,0.1875,0.1875,0.1875,,,
5.11473894119263,0,0.1875,0.1875,0.1875,0.1875,0.1875,0.1875,,,
5.11673903465271,0,0.1875,0.1875,0.1875,0.1875,0.1875,0.1875,,,
5.11874198913574,0,0.1875,0.1875,0.1875,0.1875,0.1875,0.1875,,,
5.12074208259583,0,0.1875,0.1875,0.1875,0.1875,0.1875,0.1875,,,
5.12274503707886,0,0.1875,0.1875,0.1875,0.1875,0.1875,0.1875,,,
5.12474608421326,0,0.1875,0.1875,0.1875,0.1875,0.1875,0.1875,,,
5.12674808502197,0,0.1875,0.1875,0.1875,0.1875,0.1875,0.1875,,,
5.128751039505,0,0.1875,0.1875,0.1875,0.1875,0.1875,0.1875,,,
5.13075113296509,0,0.1875,0.1875,0.1875,0.1875,0.1875,0.1875,,,
5.13275408744812,0,0.1875,0.1875,0.1875,0.1875,0.1875,0.1875,,,
5.13475394248962,0,0.1875,0.1875,0.1875,0.1875,0.1875,0.1875,,,
5.13675713539124,0,0.1875,0.1875,0.1875,0.1875,0.1875,0.1875,,,
5.13876008987427,0,0.1875,0.1875,0.1875,0.1875,0.1875,0.1875,,,
5.14075994491577,0,0.1875,0.1875,0.1875,0.1875,0.1875,0.1875,,,
5.14276313781738,0,0.1875,0.1875,0.1875,0.1875,0.1875,0.1875,,,
5.14476299285889,0,0.1875,0.1875,0.1875,0.1875,0.1875,0.1875,,,
5.14676594734192,0,0.1875,0.1875,0.1875,0.1875,0.1875,0.1875,,,
5.14876914024353,0,0.1875,0.1875,0.1875,0.1875,0.1875,0.1875,,,
5.15076899528503,0,0.1875,0.1875,0.1875,0.1875,0.1875,0.1875,,,
5.15277194976807,0,0.1875,0.1875,0.1875,0.1875,0.1875,0.1875,,,
5.15477204322815,0,0.1875,0.1875,0.1875,0.1875,0.1875,0.1875,,,
5.15677499771118,0,0.1875,0.1875,0.1875,0.1875,0.1875,0.1875,,,
5.15877795219421,0,0.1875,0.1875,0.1875,0.1875,0.1875,0.1875,,,
5.1607780456543,0,0.1875,0.1875,0.1875,0.1875,0.1875,0.1875,,,
5.16278100013733,0,0.1875,0.1875,0.1875,0.1875,0.1875,0.1875,,,
5.16478109359741,0,0.1875,0.1875,0.1875,0.1875,0.1875,0.1875,,,
5.16678404808044,0,0.1875,0.1875,0.1875,0.1875,0.1875,0.1875,,,
5.16878414154053,0,0.1875,0.1875,0.1875,0.1875,0.1875,0.1875,,,
5.17078709602356,0,0.1875,0.1875,0.1875,0.1875,0.1875,0.1875,,,
5.17279005050659,0,0.1875,0.1875,0.1875,0.1875,0.1875,0.1875,,,
5.1747899055481,0,0.1875,0.1875,0.1875,0.1875,0.1875,0.1875,,,
5.17679309844971,0,0.1875,0.1875,0.1875,0.1875,0.1875,0.1875,,,
5.17879295349121,0,0.1875,0.1875,0.1875,0.1875,0.1875,0.1875,,,
5.18079590797424,0,0.1875,0.1875,0.1875,0.1875,0.1875,0.1875,,,
5.18279695510864,0,0.1875,0.1875,0.1875,0.1875,0.1875,0.1875,,,
5.18479895591736,0,0.1875,0.1875,0.1875,0.1875,0.1875,0.1875,,,
5.18680191040039,0,0.1875,0.1875,0.1875,0.1875,0.1875,0.1875,,,
5.18880295753479,0,0.1875,0.1875,0.1875,0.1875,0.1875,0.1875,,,
5.19080495834351,0,0.1875,0.1875,0.1875,0.1875,0.1875,0.1875,,,
5.19280600547791,0,0.1875,0.1875,0.1875,0.1875,0.1875,0.1875,,,
5.19480895996094,0,0.1875,0.1875,0.1875,0.1875,0.1875,0.1875,,,
5.19680905342102,0,0.1875,0.1875,0.1875,0.1875,0.1875,0.1875,,,
5.19881200790405,0,0.1875,0.1875,0.1875,0.1875,0.1875,0.1875,,,
5.20081400871277,0,0.1875,0.1875,0.1875,0.1875,0.1875,0.1875,,,
5.20281505584717,0,0.1875,0.1875,0.1875,0.1875,0.1875,0.1875,,,
5.20481705665588,0,0.1875,0.1875,0.1875,0.1875,0.1875,0.1875,,,
5.20681810379028,0,0.1875,0.1875,0.1875,0.1875,0.1875,0.1875,,,
5.20882105827332,0,0.1875,0.1875,0.1875,0.1875,0.1875,0.1875,,,
5.21082091331482,0,0.1875,0.1875,0.1875,0.1875,0.1875,0.1875,,,
5.21282410621643,0,0.1875,0.1875,0.1875,0.1875,0.1875,0.1875,,,
5.21482610702515,0,0.1875,0.1875,0.1875,0.1875,0.1875,0.1875,,,
5.21682691574097,0,0.1875,0.1875,0.1875,0.1875,0.1875,0.1875,,,
5.21882891654968,0,0.1875,0.1875,0.1875,0.1875,0.1875,0.1875,,,
5.22082996368408,0,0.1875,0.1875,0.1875,0.1875,0.1875,0.1875,,,
5.2228319644928,0,0.1875,0.1875,0.1875,0.1875,0.1875,0.1875,,,
5.22483491897583,0,0.1875,0.1875,0.1875,0.1875,0.1875,0.1875,,,
5.22683596611023,0,0.1875,0.1875,0.1875,0.1875,0.1875,0.1875,,,
5.22883796691895,0,0.1875,0.1875,0.1875,0.1875,0.1875,0.1875,,,
5.23083901405334,0,0.1875,0.1875,0.1875,0.1875,0.1875,0.1875,,,
5.23284196853638,0,0.1875,0.1875,0.1875,0.1875,0.1875,0.1875,,,
5.23484206199646,0,0.1875,0.1875,0.1875,0.1875,0.1875,0.1875,,,
5.23684501647949,0,0.1875,0.1875,0.1875,0.1875,0.1875,0.1875,,,
5.23884701728821,0,0.1875,0.1875,0.1875,0.1875,0.1875,0.1875,,,
5.24084806442261,0,0.1875,0.1875,0.1875,0.1875,0.1875,0.1875,,,
5.24285101890564,0,0.1875,0.1875,0.1875,0.1875,0.1875,0.1875,,,
5.24485111236572,0,0.1875,0.1875,0.1875,0.1875,0.1875,0.1875,,,
5.24685406684875,0,0.1875,0.1875,0.1875,0.1875,0.1875,0.1875,,,
5.24885606765747,0,0.1875,0.1875,0.1875,0.1875,0.1875,0.1875,,,
5.25085711479187,0,0.1875,0.1875,0.1875,0.1875,0.1875,0.1875,,,
5.25285911560059,0,0.1875,0.1875,0.1875,0.1875,0.1875,0.1875,,,
5.25486207008362,0,0.1875,0.1875,0.1875,0.1875,0.1875,0.1875,,,
5.25686192512512,0,0.1875,0.1875,0.1875,0.1875,0.1875,0.1875,,,
5.25886511802673,0,0.1875,0.1875,0.1875,0.1875,0.1875,0.1875,,,
5.26086592674255,0,0.1875,0.1875,0.1875,0.1875,0.1875,0.1875,,,
5.26286911964417,0,0.1875,0.1875,0.1875,0.1875,0.1875,0.1875,,,
5.26487112045288,0,0.1875,0.1875,0.1875,0.1875,0.1875,0.1875,,,
5.2668719291687,0,0.1875,0.1875,0.1875,0.1875,0.1875,0.1875,,,
5.26887392997742,0,0.1875,0.1875,0.1875,0.1875,0.1875,0.1875,,,
5.27087497711182,0,0.1875,0.1875,0.1875,0.1875,0.1875,0.1875,,,
5.27287793159485,0,0.1875,0.1875,0.1875,0.1875,0.1875,0.1875,,,
5.27488112449646,0,0.1875,0.1875,0.1875,0.1875,0.1875,0.1875,,,
5.27688097953796,0,0.1875,0.1875,0.1875,0.1875,0.1875,0.1875,,,
5.278883934021,0,0.1875,0.1875,0.1875,0.1875,0.1875,0.1875,,,
5.28088402748108,0,0.1875,0.1875,0.1875,0.1875,0.1875,0.1875,,,
5.28288698196411,0,0.1875,0.1875,0.1875,0.1875,0.1875,0.1875,,,
5.28488993644714,0,0.1875,0.1875,0.1875,0.1875,0.1875,0.1875,,,
5.28689002990723,0,0.1875,0.1875,0.1875,0.1875,0.1875,0.1875,,,
5.28889298439026,0,0.1875,0.1875,0.1875,0.1875,0.1875,0.1875,,,
5.29089403152466,0,0.1875,0.1875,0.1875,0.1875,0.1875,0.1875,,,
5.29289603233337,0,0.1875,0.1875,0.1875,0.1875,0.1875,0.1875,,,
5.29489707946777,0,0.1875,0.1875,0.1875,0.1875,0.1875,0.1875,,,
5.29690003395081,0,0.1875,0.1875,0.1875,0.1875,0.1875,0.1875,,,
5.29890012741089,0,0.1875,0.1875,0.1875,0.1875,0.1875,0.1875,,,
5.30090308189392,0,0.1875,0.1875,0.1875,0.1875,0.1875,0.1875,,,
5.30290603637695,0,0.1875,0.1875,0.1875,0.1875,0.1875,0.1875,,,
5.30490612983704,0,0.1875,0.1875,0.1875,0.1875,0.1875,0.1875,,,
5.30690908432007,0,0.1875,0.1875,0.1875,0.1875,0.1875,0.1875,,,
5.30891013145447,0,0.1875,0.1875,0.1875,0.1875,0.1875,0.1875,,,
5.31091213226318,0,0.1875,0.1875,0.1875,0.1875,0.1875,0.1875,,,
5.312912940979,0,0.1875,0.1875,0.1875,0.1875,0.1875,0.1875,,,
5.31491613388062,0,0.1875,0.1875,0.1875,0.1875,0.1875,0.1875,,,
5.31691598892212,0,0.1875,0.1875,0.1875,0.1875,0.1875,0.1875,,,
5.31891894340515,0,0.1875,0.1875,0.1875,0.1875,0.1875,0.1875,,,
5.32092213630676,0,0.1875,0.1875,0.1875,0.1875,0.1875,0.1875,,,
5.32292294502258,0,0.1875,0.1875,0.1875,0.1875,0.1875,0.1875,,,
5.3249249458313,0,0.1875,0.1875,0.1875,0.1875,0.1875,0.1875,,,
5.3269259929657,0,0.1875,0.1875,0.1875,0.1875,0.1875,0.1875,,,
5.32892894744873,0,0.1875,0.1875,0.1875,0.1875,0.1875,0.1875,,,
5.33092904090881,0,0.1875,0.1875,0.1875,0.1875,0.1875,0.1875,,,
5.33293199539185,0,0.1875,0.1875,0.1875,0.1875,0.1875,0.1875,,,
5.33493304252625,0,0.1875,0.1875,0.1875,0.1875,0.1875,0.1875,,,
5.33693599700928,0,0.1875,0.1875,0.1875,0.1875,0.1875,0.1875,,,
5.33893609046936,0,0.1875,0.1875,0.1875,0.1875,0.1875,0.1875,,,
5.34093904495239,0,0.1875,0.1875,0.1875,0.1875,0.1875,0.1875,,,
5.34294199943542,0,0.1875,0.1875,0.1875,0.1875,0.1875,0.1875,,,
5.34494209289551,0,0.1875,0.1875,0.1875,0.1875,0.1875,0.1875,,,
5.34694504737854,0,0.1875,0.1875,0.1875,0.1875,0.1875,0.1875,,,
5.34894609451294,0,0.1875,0.1875,0.1875,0.1875,0.1875,0.1875,,,
5.35094809532166,0,0.1875,0.1875,0.1875,0.1875,0.1875,0.1875,,,
5.35295009613037,0,0.1875,0.1875,0.1875,0.1875,0.1875,0.1875,,,
5.3549530506134,0,0.1875,0.1875,0.1875,0.1875,0.1875,0.1875,,,
5.35695290565491,0,0.1875,0.1875,0.1875,0.1875,0.1875,0.1875,,,
5.35895609855652,0,0.1875,0.1875,0.1875,0.1875,0.1875,0.1875,,,
5.36095809936523,0,0.1875,0.1875,0.1875,0.1875,0.1875,0.1875,,,
5.36295795440674,0,0.1875,0.1875,0.1875,0.1875,0.1875,0.1875,,,
5.36496090888977,0,0.1875,0.1875,0.1875,0.1875,0.1875,0.1875,,,
5.36696410179138,0,0.1875,0.1875,0.1875,0.1875,0.1875,0.1875,,,
5.3689649105072,0,0.1875,0.1875,0.1875,0.1875,0.1875,0.1875,,,
5.37096691131592,0,0.1875,0.1875,0.1875,0.1875,0.1875,0.1875,,,
5.37297010421753,0,0.1875,0.1875,0.1875,0.1875,0.1875,0.1875,,,
5.37496995925903,0,0.1875,0.1875,0.1875,0.1875,0.1875,0.1875,,,
5.37697196006775,0,0.1875,0.1875,0.1875,0.1875,0.1875,0.1875,,,
5.37897491455078,0,0.1875,0.1875,0.1875,0.1875,0.1875,0.1875,,,
5.38097500801086,0,0.1875,0.1875,0.1875,0.1875,0.1875,0.1875,,,
5.3829779624939,0,0.1875,0.1875,0.1875,0.1875,0.1875,0.1875,,,
5.38498091697693,0,0.1875,0.1875,0.1875,0.1875,0.1875,0.1875,,,
5.38698101043701,0,0.1875,0.1875,0.1875,0.1875,0.1875,0.1875,,,
5.38898396492004,0,0.1875,0.1875,0.1875,0.1875,0.1875,0.1875,,,
5.39098596572876,0,0.1875,0.1875,0.1875,0.1875,0.1875,0.1875,,,
5.39298605918884,0,0.1875,0.1875,0.1875,0.1875,0.1875,0.1875,,,
5.39498901367188,0,0.1875,0.1875,0.1875,0.1875,0.1875,0.1875,,,
5.39699196815491,0,0.1875,0.1875,0.1875,0.1875,0.1875,0.1875,,,
5.39899206161499,0,0.1875,0.1875,0.1875,0.1875,0.1875,0.1875,,,
5.40099406242371,0,0.1875,0.1875,0.1875,0.1875,0.1875,0.1875,,,
5.40299701690674,0,0.1875,0.1875,0.1875,0.1875,0.1875,0.1875,,,
5.40499997138977,0,0.1875,0.1875,0.1875,0.1875,0.1875,0.1875,,,
5.40700006484985,0,0.1875,0.1875,0.1875,0.1875,0.1875,0.1875,,,
5.40900301933289,0,0.1875,0.1875,0.1875,0.1875,0.1875,0.1875,,,
5.41100311279297,0,0.1875,0.1875,0.1875,0.1875,0.1875,0.1875,,,
5.413006067276,0,0.1875,0.1875,0.1875,0.1875,0.1875,0.1875,,,
5.41500902175903,0,0.1875,0.1875,0.1875,0.1875,0.1875,0.1875,,,
5.41700911521912,0,0.1875,0.1875,0.1875,0.1875,0.1875,0.1875,,,
5.41901111602783,0,0.1875,0.1875,0.1875,0.1875,0.1875,0.1875,,,
5.42101407051086,0,0.1875,0.1875,0.1875,0.1875,0.1875,0.1875,,,
5.42301392555237,0,0.1875,0.1875,0.1875,0.1875,0.1875,0.1875,,,
5.42501711845398,0,0.1875,0.1875,0.1875,0.1875,0.1875,0.1875,,,
5.4270191192627,0,0.1875,0.1875,0.1875,0.1875,0.1875,0.1875,,,
5.42902207374573,0,0.1875,0.1875,0.1875,0.1875,0.1875,0.1875,,,
5.43102312088013,0,0.1875,0.1875,0.1875,0.1875,0.1875,0.1875,,,
5.43302607536316,0,0.1875,0.1875,0.1875,0.1875,0.1875,0.1875,,,
5.43502593040466,0,0.1875,0.1875,0.1875,0.1875,0.1875,0.1875,,,
5.43703413009644,0,0.1875,0.1875,0.1875,0.1875,0.1875,0.1875,,,
5.43903398513794,0,0.1875,0.1875,0.1875,0.1875,0.1875,0.1875,,,
5.44103693962097,0,0.1875,0.1875,0.1875,0.1875,0.1875,0.1875,,,
5.44303703308105,0,0.1875,0.1875,0.1875,0.1875,0.1875,0.1875,,,
5.44503712654114,0,0.1875,0.1875,0.1875,0.1875,0.1875,0.1875,,,
5.44703793525696,0,0.1875,0.1875,0.1875,0.1875,0.1875,0.1875,,,
5.44903802871704,0,0.1875,0.1875,0.1875,0.1875,0.1875,0.1875,,,
5.45104098320007,0,0.1875,0.1875,0.1875,0.1875,0.1875,0.1875,,,
5.45304298400879,0,0.1875,0.1875,0.1875,0.1875,0.1875,0.1875,,,
5.45504403114319,0,0.1875,0.1875,0.1875,0.1875,0.1875,0.1875,,,
5.4570460319519,0,0.1875,0.1875,0.1875,0.1875,0.1875,0.1875,,,
5.45904898643494,0,0.1875,0.1875,0.1875,0.1875,0.1875,0.1875,,,
5.46105003356934,0,0.1875,0.1875,0.1875,0.1875,0.1875,0.1875,,,
5.46305203437805,0,0.1875,0.1875,0.1875,0.1875,0.1875,0.1875,,,
5.46505308151245,0,0.1875,0.1875,0.1875,0.1875,0.1875,0.1875,,,
5.46705508232117,0,0.1875,0.1875,0.1875,0.1875,0.1875,0.1875,,,
5.4690580368042,0,0.1875,0.1875,0.1875,0.1875,0.1875,0.1875,,,
5.4710590839386,0,0.1875,0.1875,0.1875,0.1875,0.1875,0.1875,,,
5.47306108474731,0,0.1875,0.1875,0.1875,0.1875,0.1875,0.1875,,,
5.47506403923035,0,0.1875,0.1875,0.1875,0.1875,0.1875,0.1875,,,
5.47706413269043,0,0.1875,0.1875,0.1875,0.1875,0.1875,0.1875,,,
5.47906708717346,0,0.1875,0.1875,0.1875,0.1875,0.1875,0.1875,,,
5.48107004165649,0,0.1875,0.1875,0.1875,0.1875,0.1875,0.1875,,,
5.48303914070129,0,0.1875,0.1875,0.1875,0.1875,0.1875,0.1875,,,
5.48504209518433,0,0.1875,0.1875,0.1875,0.1875,0.1875,0.1875,,,
5.48704504966736,0,0.1875,0.1875,0.1875,0.1875,0.1875,0.1875,,,
5.48904490470886,0,0.1875,0.1875,0.1875,0.1875,0.1875,0.1875,,,
5.49104809761047,0,0.1875,0.1875,0.1875,0.1875,0.1875,0.1875,,,
5.49305105209351,0,0.1875,0.1875,0.1875,0.1875,0.1875,0.1875,,,
5.49505090713501,0,0.1875,0.1875,0.1875,0.1875,0.1875,0.1875,,,
5.49705410003662,0,0.1875,0.1875,0.1875,0.1875,0.1875,0.1875,,,
5.49905610084534,0,0.1875,0.1875,0.1875,0.1875,0.1875,0.1875,,,
5.50105690956116,0,0.1875,0.1875,0.1875,0.1875,0.1875,0.1875,,,
5.50305891036987,0,0.1875,0.1875,0.1875,0.1875,0.1875,0.1875,,,
5.50506210327148,0,0.1875,0.1875,0.1875,0.1875,0.1875,0.1875,,,
5.5070629119873,0,0.1875,0.1875,0.1875,0.1875,0.1875,0.1875,,,
5.50906610488892,0,0.1875,0.1875,0.1875,0.1875,0.1875,0.1875,,,
5.51106595993042,0,0.1875,0.1875,0.1875,0.1875,0.1875,0.1875,,,
5.51306891441345,0,0.1875,0.1875,0.1875,0.1875,0.1875,0.1875,,,
5.51507210731506,0,0.1875,0.1875,0.1875,0.1875,0.1875,0.1875,,,
5.51707196235657,0,0.1875,0.1875,0.1875,0.1875,0.1875,0.1875,,,
5.5190749168396,0,0.1875,0.1875,0.1875,0.1875,0.1875,0.1875,,,
5.52107810974121,0,0.1875,0.1875,0.1875,0.1875,0.1875,0.1875,,,
5.52307796478271,0,0.1875,0.1875,0.1875,0.1875,0.1875,0.1875,,,
5.52508091926575,0,0.1875,0.1875,0.1875,0.1875,0.1875,0.1875,,,
5.52708101272583,0,0.1875,0.1875,0.1875,0.1875,0.1875,0.1875,,,
5.52908396720886,0,0.1875,0.1875,0.1875,0.1875,0.1875,0.1875,,,
5.53108692169189,0,0.1875,0.1875,0.1875,0.1875,0.1875,0.1875,,,
5.53308701515198,0,0.1875,0.1875,0.1875,0.1875,0.1875,0.1875,,,
5.53508996963501,0,0.1875,0.1875,0.1875,0.1875,0.1875,0.1875,,,
5.53709292411804,0,0.1875,0.1875,0.1875,0.1875,0.1875,0.1875,,,
5.53909301757813,0,0.1875,0.1875,0.1875,0.1875,0.1875,0.1875,,,
5.54109597206116,0,0.1875,0.1875,0.1875,0.1875,0.1875,0.1875,,,
5.54309892654419,0,0.1875,0.1875,0.1875,0.1875,0.1875,0.1875,,,
5.54509902000427,0,0.1875,0.1875,0.1875,0.1875,0.1875,0.1875,,,
5.5471019744873,0,0.1875,0.1875,0.1875,0.1875,0.1875,0.1875,,,
5.54910206794739,0,0.1875,0.1875,0.1875,0.1875,0.1875,0.1875,,,
5.55110502243042,0,0.1875,0.1875,0.1875,0.1875,0.1875,0.1875,,,
5.55310797691345,0,0.1875,0.1875,0.1875,0.1875,0.1875,0.1875,,,
5.55510807037354,0,0.1875,0.1875,0.1875,0.1875,0.1875,0.1875,,,
5.55711102485657,0,0.1875,0.1875,0.1875,0.1875,0.1875,0.1875,,,
5.5591139793396,0,0.1875,0.1875,0.1875,0.1875,0.1875,0.1875,,,
5.56111407279968,0,0.1875,0.1875,0.1875,0.1875,0.1875,0.1875,,,
5.56311702728271,0,0.1875,0.1875,0.1875,0.1875,0.1875,0.1875,,,
5.5651171207428,0,0.1875,0.1875,0.1875,0.1875,0.1875,0.1875,,,
5.56712007522583,0,0.1875,0.1875,0.1875,0.1875,0.1875,0.1875,,,
5.56912302970886,0,0.1875,0.1875,0.1875,0.1875,0.1875,0.1875,,,
5.57112312316895,0,0.1875,0.1875,0.1875,0.1875,0.1875,0.1875,,,
5.57312607765198,0,0.1875,0.1875,0.1875,0.1875,0.1875,0.1875,,,
5.57512903213501,0,0.1875,0.1875,0.1875,0.1875,0.1875,0.1875,,,
5.57712912559509,0,0.1875,0.1875,0.1875,0.1875,0.1875,0.1875,,,
5.57913208007813,0,0.1875,0.1875,0.1875,0.1875,0.1875,0.1875,,,
5.58113503456116,0,0.1875,0.1875,0.1875,0.1875,0.1875,0.1875,,,
5.58313512802124,0,0.1875,0.1875,0.1875,0.1875,0.1875,0.1875,,,
5.58513808250427,0,0.1875,0.1875,0.1875,0.1875,0.1875,0.1875,,,
5.58714008331299,0,0.1875,0.1875,0.1875,0.1875,0.1875,0.1875,,,
5.58914113044739,0,0.1875,0.1875,0.1875,0.1875,0.1875,0.1875,,,
5.59114408493042,0,0.1875,0.1875,0.1875,0.1875,0.1875,0.1875,,,
5.59314393997192,0,0.1875,0.1875,0.1875,0.1875,0.1875,0.1875,,,
5.59514713287354,0,0.1875,0.1875,0.1875,0.1875,0.1875,0.1875,,,
5.59715008735657,0,0.1875,0.1875,0.1875,0.1875,0.1875,0.1875,,,
5.59914994239807,0,0.1875,0.1875,0.1875,0.1875,0.1875,0.1875,,,
5.60115313529968,0,0.1875,0.1875,0.1875,0.1875,0.1875,0.1875,,,
5.6031551361084,0,0.1875,0.1875,0.1875,0.1875,0.1875,0.1875,,,
5.60515594482422,0,0.1875,0.1875,0.1875,0.1875,0.1875,0.1875,,,
5.60715913772583,0,0.1875,0.1875,0.1875,0.1875,0.1875,0.1875,,,
5.60916113853455,0,0.1875,0.1875,0.1875,0.1875,0.1875,0.1875,,,
5.61116194725037,0,0.1875,0.1875,0.1875,0.1875,0.1875,0.1875,,,
5.61316514015198,0,0.1875,0.1875,0.1875,0.1875,0.1875,0.1875,,,
5.61516499519348,0,0.1875,0.1875,0.1875,0.1875,0.1875,0.1875,,,
5.61716794967651,0,0.1875,0.1875,0.1875,0.1875,0.1875,0.1875,,,
5.61917090415955,0,0.1875,0.1875,0.1875,0.1875,0.1875,0.1875,,,
5.62117099761963,0,0.1875,0.1875,0.1875,0.1875,0.1875,0.1875,,,
5.62317395210266,0,0.1875,0.1875,0.1875,0.1875,0.1875,0.1875,,,
5.62517404556274,0,0.1875,0.1875,0.1875,0.1875,0.1875,0.1875,,,
5.62717700004578,0,0.1875,0.1875,0.1875,0.1875,0.1875,0.1875,,,
5.62917995452881,0,0.1875,0.1875,0.1875,0.1875,0.1875,0.1875,,,
5.63118004798889,0,0.1875,0.1875,0.1875,0.1875,0.1875,0.1875,,,
5.63318300247192,0,0.1875,0.1875,0.1875,0.1875,0.1875,0.1875,,,
5.63518309593201,0,0.1875,0.1875,0.1875,0.1875,0.1875,0.1875,,,
5.63718605041504,0,0.1875,0.1875,0.1875,0.1875,0.1875,0.1875,,,
5.63918900489807,0,0.1875,0.1875,0.1875,0.1875,0.1875,0.1875,,,
5.64118909835815,0,0.1875,0.1875,0.1875,0.1875,0.1875,0.1875,,,
5.64319205284119,0,0.1875,0.1875,0.1875,0.1875,0.1875,0.1875,,,
5.64519190788269,0,0.1875,0.1875,0.1875,0.1875,0.1875,0.1875,,,
5.6471951007843,0,0.1875,0.1875,0.1875,0.1875,0.1875,0.1875,,,
5.64919805526733,0,0.1875,0.1875,0.1875,0.1875,0.1875,0.1875,,,
5.65119791030884,0,0.1875,0.1875,0.1875,0.1875,0.1875,0.1875,,,
5.65320110321045,0,0.1875,0.1875,0.1875,0.1875,0.1875,0.1875,,,
5.65520405769348,0,0.1875,0.1875,0.1875,0.1875,0.1875,0.1875,,,
5.65720391273499,0,0.1875,0.1875,0.1875,0.1875,0.1875,0.1875,,,
5.6592071056366,0,0.1875,0.1875,0.1875,0.1875,0.1875,0.1875,,,
5.6612069606781,0,0.1875,0.1875,0.1875,0.1875,0.1875,0.1875,,,
5.66320991516113,0,0.1875,0.1875,0.1875,0.1875,0.1875,0.1875,,,
5.66521310806274,0,0.1875,0.1875,0.1875,0.1875,0.1875,0.1875,,,
5.66721296310425,0,0.1875,0.1875,0.1875,0.1875,0.1875,0.1875,,,
5.66921591758728,0,0.1875,0.1875,0.1875,0.1875,0.1875,0.1875,,,
5.67121696472168,0,0.1875,0.1875,0.1875,0.1875,0.1875,0.1875,,,
5.6732189655304,0,0.1875,0.1875,0.1875,0.1875,0.1875,0.1875,,,
5.67522192001343,0,0.1875,0.1875,0.1875,0.1875,0.1875,0.1875,,,
5.67722201347351,0,0.1875,0.1875,0.1875,0.1875,0.1875,0.1875,,,
5.67922496795654,0,0.1875,0.1875,0.1875,0.1875,0.1875,0.1875,,,
5.68122792243958,0,0.1875,0.1875,0.1875,0.1875,0.1875,0.1875,,,
5.68322801589966,0,0.1875,0.1875,0.1875,0.1875,0.1875,0.1875,,,
5.68523097038269,0,0.1875,0.1875,0.1875,0.1875,0.1875,0.1875,,,
5.68723392486572,0,0.1875,0.1875,0.1875,0.1875,0.1875,0.1875,,,
5.68923401832581,0,0.1875,0.1875,0.1875,0.1875,0.1875,0.1875,,,
5.69123697280884,0,0.1875,0.1875,0.1875,0.1875,0.1875,0.1875,,,
5.69323706626892,0,0.1875,0.1875,0.1875,0.1875,0.1875,0.1875,,,
5.69524002075195,0,0.1875,0.1875,0.1875,0.1875,0.1875,0.1875,,,
5.69724297523499,0,0.1875,0.1875,0.1875,0.1875,0.1875,0.1875,,,
5.69924306869507,0,0.1875,0.1875,0.1875,0.1875,0.1875,0.1875,,,
5.7012460231781,0,0.1875,0.1875,0.1875,0.1875,0.1875,0.1875,,,
5.7032470703125,0,0.1875,0.1875,0.1875,0.1875,0.1875,0.1875,,,
5.70524907112122,0,0.1875,0.1875,0.1875,0.1875,0.1875,0.1875,,,
5.70725202560425,0,0.1875,0.1875,0.1875,0.1875,0.1875,0.1875,,,
5.70925211906433,0,0.1875,0.1875,0.1875,0.1875,0.1875,0.1875,,,
5.71125507354736,0,0.1875,0.1875,0.1875,0.1875,0.1875,0.1875,,,
5.7132580280304,0,0.1875,0.1875,0.1875,0.1875,0.1875,0.1875,,,
5.71525812149048,0,0.1875,0.1875,0.1875,0.1875,0.1875,0.1875,,,
5.71726107597351,0,0.1875,0.1875,0.1875,0.1875,0.1875,0.1875,,,
5.71926403045654,0,0.1875,0.1875,0.1875,0.1875,0.1875,0.1875,,,
5.72126412391663,0,0.1875,0.1875,0.1875,0.1875,0.1875,0.1875,,,
5.72326707839966,0,0.1875,0.1875,0.1875,0.1875,0.1875,0.1875,,,
5.72526693344116,0,0.1875,0.1875,0.1875,0.1875,0.1875,0.1875,,,
5.72727012634277,0,0.1875,0.1875,0.1875,0.1875,0.1875,0.1875,,,
5.72927308082581,0,0.1875,0.1875,0.1875,0.1875,0.1875,0.1875,,,
5.73127293586731,0,0.1875,0.1875,0.1875,0.1875,0.1875,0.1875,,,
5.73327612876892,0,0.1875,0.1875,0.1875,0.1875,0.1875,0.1875,,,
5.73527598381042,0,0.1875,0.1875,0.1875,0.1875,0.1875,0.1875,,,
5.73727893829346,0,0.1875,0.1875,0.1875,0.1875,0.1875,0.1875,,,
5.73928213119507,0,0.1875,0.1875,0.1875,0.1875,0.1875,0.1875,,,
5.74128198623657,0,0.1875,0.1875,0.1875,0.1875,0.1875,0.1875,,,
5.7432849407196,0,0.1875,0.1875,0.1875,0.1875,0.1875,0.1875,,,
5.74528813362122,0,0.1875,0.1875,0.1875,0.1875,0.1875,0.1875,,,
5.74728798866272,0,0.1875,0.1875,0.1875,0.1875,0.1875,0.1875,,,
5.74929094314575,0,0.1875,0.1875,0.1875,0.1875,0.1875,0.1875,,,
5.75129413604736,0,0.1875,0.1875,0.1875,0.1875,0.1875,0.1875,,,
5.75329399108887,0,0.1875,0.1875,0.1875,0.1875,0.1875,0.1875,,,
5.7552969455719,0,0.1875,0.1875,0.1875,0.1875,0.1875,0.1875,,,
5.75729703903198,0,0.1875,0.1875,0.1875,0.1875,0.1875,0.1875,,,
5.75929999351501,0,0.1875,0.1875,0.1875,0.1875,0.1875,0.1875,,,
5.76130294799805,0,0.1875,0.1875,0.1875,0.1875,0.1875,0.1875,,,
5.76330304145813,0,0.1875,0.1875,0.1875,0.1875,0.1875,0.1875,,,
5.76530599594116,0,0.1875,0.1875,0.1875,0.1875,0.1875,0.1875,,,
5.76730608940125,0,0.1875,0.1875,0.1875,0.1875,0.1875,0.1875,,,
5.76930904388428,0,0.1875,0.1875,0.1875,0.1875,0.1875,0.1875,,,
5.77131199836731,0,0.1875,0.1875,0.1875,0.1875,0.1875,0.1875,,,
5.77331209182739,0,0.1875,0.1875,0.1875,0.1875,0.1875,0.1875,,,
5.77531504631042,0,0.1875,0.1875,0.1875,0.1875,0.1875,0.1875,,,
5.77731800079346,0,0.1875,0.1875,0.1875,0.1875,0.1875,0.1875,,,
5.77931809425354,0,0.1875,0.1875,0.1875,0.1875,0.1875,0.1875,,,
5.78132104873657,0,0.1875,0.1875,0.1875,0.1875,0.1875,0.1875,,,
5.78332090377808,0,0.1875,0.1875,0.1875,0.1875,0.1875,0.1875,,,
5.78532409667969,0,0.1875,0.1875,0.1875,0.1875,0.1875,0.1875,,,
5.78732705116272,0,0.1875,0.1875,0.1875,0.1875,0.1875,0.1875,,,
5.78932690620422,0,0.1875,0.1875,0.1875,0.1875,0.1875,0.1875,,,
5.79133009910584,0,0.1875,0.1875,0.1875,0.1875,0.1875,0.1875,,,
5.79333305358887,0,0.1875,0.1875,0.1875,0.1875,0.1875,0.1875,,,
5.79533290863037,0,0.1875,0.1875,0.1875,0.1875,0.1875,0.1875,,,
5.79733610153198,0,0.1875,0.1875,0.1875,0.1875,0.1875,0.1875,,,
5.79933595657349,0,0.1875,0.1875,0.1875,0.1875,0.1875,0.1875,,,
5.80133891105652,0,0.1875,0.1875,0.1875,0.1875,0.1875,0.1875,,,
5.80334210395813,0,0.1875,0.1875,0.1875,0.1875,0.1875,0.1875,,,
5.80534195899963,0,0.1875,0.1875,0.1875,0.1875,0.1875,0.1875,,,
5.80734491348267,0,0.1875,0.1875,0.1875,0.1875,0.1875,0.1875,,,
5.80934810638428,0,0.1875,0.1875,0.1875,0.1875,0.1875,0.1875,,,
5.81134796142578,0,0.1875,0.1875,0.1875,0.1875,0.1875,0.1875,,,
5.81335091590881,0,0.1875,0.1875,0.1875,0.1875,0.1875,0.1875,,,
5.81535291671753,0,0.1875,0.1875,0.1875,0.1875,0.1875,0.1875,,,
5.81735396385193,0,0.1875,0.1875,0.1875,0.1875,0.1875,0.1875,,,
5.81935596466064,0,0.1875,0.1875,0.1875,0.1875,0.1875,0.1875,,,
5.82135701179504,0,0.1875,0.1875,0.1875,0.1875,0.1875,0.1875,,,
5.82335996627808,0,0.1875,0.1875,0.1875,0.1875,0.1875,0.1875,,,
5.82536196708679,0,0.1875,0.1875,0.1875,0.1875,0.1875,0.1875,,,
5.82736301422119,0,0.1875,0.1875,0.1875,0.1875,0.1875,0.1875,,,
5.82936596870422,0,0.1875,0.1875,0.1875,0.1875,0.1875,0.1875,,,
5.83136606216431,0,0.1875,0.1875,0.1875,0.1875,0.1875,0.1875,,,
5.83336901664734,0,0.1875,0.1875,0.1875,0.1875,0.1875,0.1875,,,
5.83537197113037,0,0.1875,0.1875,0.1875,0.1875,0.1875,0.1875,,,
5.83737206459045,0,0.1875,0.1875,0.1875,0.1875,0.1875,0.1875,,,
5.83937501907349,0,0.1875,0.1875,0.1875,0.1875,0.1875,0.1875,,,
5.84137511253357,0,0.1875,0.1875,0.1875,0.1875,0.1875,0.1875,,,
5.8433780670166,0,0.1875,0.1875,0.1875,0.1875,0.1875,0.1875,,,
5.84538102149963,0,0.1875,0.1875,0.1875,0.1875,0.1875,0.1875,,,
5.84738111495972,0,0.1875,0.1875,0.1875,0.1875,0.1875,0.1875,,,
5.84938406944275,0,0.1875,0.1875,0.1875,0.1875,0.1875,0.1875,,,
5.85138607025146,0,0.1875,0.1875,0.1875,0.1875,0.1875,0.1875,,,
5.85338711738586,0,0.1875,0.1875,0.1875,0.1875,0.1875,0.1875,,,
5.8553900718689,0,0.1875,0.1875,0.1875,0.1875,0.1875,0.1875,,,
5.8573899269104,0,0.1875,0.1875,0.1875,0.1875,0.1875,0.1875,,,
5.85939311981201,0,0.1875,0.1875,0.1875,0.1875,0.1875,0.1875,,,
5.86139607429504,0,0.1875,0.1875,0.1875,0.1875,0.1875,0.1875,,,
5.86339592933655,0,0.1875,0.1875,0.1875,0.1875,0.1875,0.1875,,,
5.86539912223816,0,0.1875,0.1875,0.1875,0.1875,0.1875,0.1875,,,
5.86739897727966,0,0.1875,0.1875,0.1875,0.1875,0.1875,0.1875,,,
5.8694019317627,0,0.1875,0.1875,0.1875,0.1875,0.1875,0.1875,,,
5.87140512466431,0,0.1875,0.1875,0.1875,0.1875,0.1875,0.1875,,,
5.87340497970581,0,0.1875,0.1875,0.1875,0.1875,0.1875,0.1875,,,
5.87540793418884,0,0.1875,0.1875,0.1875,0.1875,0.1875,0.1875,,,
5.87740802764893,0,0.1875,0.1875,0.1875,0.1875,0.1875,0.1875,,,
5.87941098213196,0,0.1875,0.1875,0.1875,0.1875,0.1875,0.1875,,,
5.88141298294067,0,0.1875,0.1875,0.1875,0.1875,0.1875,0.1875,,,
5.88341403007507,0,0.1875,0.1875,0.1875,0.1875,0.1875,0.1875,,,
5.88541603088379,0,0.1875,0.1875,0.1875,0.1875,0.1875,0.1875,,,
5.88741898536682,0,0.1875,0.1875,0.1875,0.1875,0.1875,0.1875,,,
5.88942003250122,0,0.1875,0.1875,0.1875,0.1875,0.1875,0.1875,,,
5.89142298698425,0,0.1875,0.1875,0.1875,0.1875,0.1875,0.1875,,,
5.89342308044434,0,0.1875,0.1875,0.1875,0.1875,0.1875,0.1875,,,
5.89542603492737,0,0.1875,0.1875,0.1875,0.1875,0.1875,0.1875,,,
5.8974289894104,0,0.1875,0.1875,0.1875,0.1875,0.1875,0.1875,,,
5.89942908287048,0,0.1875,0.1875,0.1875,0.1875,0.1875,0.1875,,,
5.90143203735352,0,0.1875,0.1875,0.1875,0.1875,0.1875,0.1875,,,
5.9034321308136,0,0.1875,0.1875,0.1875,0.1875,0.1875,0.1875,,,
5.90543508529663,0,0.1875,0.1875,0.1875,0.1875,0.1875,0.1875,,,
5.90743803977966,0,0.1875,0.1875,0.1875,0.1875,0.1875,0.1875,,,
5.90943813323975,0,0.1875,0.1875,0.1875,0.1875,0.1875,0.1875,,,
5.91144108772278,0,0.1875,0.1875,0.1875,0.1875,0.1875,0.1875,,,
5.91344094276428,0,0.1875,0.1875,0.1875,0.1875,0.1875,0.1875,,,
5.91544413566589,0,0.1875,0.1875,0.1875,0.1875,0.1875,0.1875,,,
5.91744709014893,0,0.1875,0.1875,0.1875,0.1875,0.1875,0.1875,,,
5.91944694519043,0,0.1875,0.1875,0.1875,0.1875,0.1875,0.1875,,,
5.92145013809204,0,0.1875,0.1875,0.1875,0.1875,0.1875,0.1875,,,
5.92345309257507,0,0.1875,0.1875,0.1875,0.1875,0.1875,0.1875,,,
5.92545294761658,0,0.1875,0.1875,0.1875,0.1875,0.1875,0.1875,,,
5.92745614051819,0,0.1875,0.1875,0.1875,0.1875,0.1875,0.1875,,,
5.92945599555969,0,0.1875,0.1875,0.1875,0.1875,0.1875,0.1875,,,
5.93145895004272,0,0.1875,0.1875,0.1875,0.1875,0.1875,0.1875,,,
5.93346190452576,0,0.1875,0.1875,0.1875,0.1875,0.1875,0.1875,,,
5.93546199798584,0,0.1875,0.1875,0.1875,0.1875,0.1875,0.1875,,,
5.93746495246887,0,0.1875,0.1875,0.1875,0.1875,0.1875,0.1875,,,
5.9394679069519,0,0.1875,0.1875,0.1875,0.1875,0.1875,0.1875,,,
5.94146800041199,0,0.1875,0.1875,0.1875,0.1875,0.1875,0.1875,,,
5.94347095489502,0,0.1875,0.1875,0.1875,0.1875,0.1875,0.1875,,,
5.94547200202942,0,0.1875,0.1875,0.1875,0.1875,0.1875,0.1875,,,
5.94747400283813,0,0.1875,0.1875,0.1875,0.1875,0.1875,0.1875,,,
5.94947695732117,0,0.1875,0.1875,0.1875,0.1875,0.1875,0.1875,,,
5.95147705078125,0,0.1875,0.1875,0.1875,0.1875,0.1875,0.1875,,,
5.95348000526428,0,0.1875,0.1875,0.1875,0.1875,0.1875,0.1875,,,
5.95548295974731,0,0.1875,0.1875,0.1875,0.1875,0.1875,0.1875,,,
5.9574830532074,0,0.1875,0.1875,0.1875,0.1875,0.1875,0.1875,,,
5.95948600769043,0,0.1875,0.1875,0.1875,0.1875,0.1875,0.1875,,,
5.96148705482483,0,0.1875,0.1875,0.1875,0.1875,0.1875,0.1875,,,
5.96348905563354,0,0.1875,0.1875,0.1875,0.1875,0.1875,0.1875,,,
5.96549201011658,0,0.1875,0.1875,0.1875,0.1875,0.1875,0.1875,,,
5.96749305725098,0,0.1875,0.1875,0.1875,0.1875,0.1875,0.1875,,,
5.96949505805969,0,0.1875,0.1875,0.1875,0.1875,0.1875,0.1875,,,
5.97149610519409,0,0.1875,0.1875,0.1875,0.1875,0.1875,0.1875,,,
5.97349810600281,0,0.1875,0.1875,0.1875,0.1875,0.1875,0.1875,,,
5.97550106048584,0,0.1875,0.1875,0.1875,0.1875,0.1875,0.1875,,,
5.9775390625,0,0.1875,0.1875,0.1875,0.1875,0.1875,0.1875,,,
5.97954201698303,0,0.1875,0.1875,0.1875,0.1875,0.1875,0.1875,,,
5.98154211044312,0,0.1875,0.1875,0.1875,0.1875,0.1875,0.1875,,,
5.98354506492615,0,0.1875,0.1875,0.1875,0.1875,0.1875,0.1875,,,
5.98554611206055,0,0.1875,0.1875,0.1875,0.1875,0.1875,0.1875,,,
5.98754811286926,0,0.1875,0.1875,0.1875,0.1875,0.1875,0.1875,,,
5.98954892158508,0,0.1875,0.1875,0.1875,0.1875,0.1875,0.1875,,,
5.99155211448669,0,0.1875,0.1875,0.1875,0.1875,0.1875,0.1875,,,
5.99355411529541,0,0.1875,0.1875,0.1875,0.1875,0.1875,0.1875,,,
5.99555492401123,0,0.1875,0.1875,0.1875,0.1875,0.1875,0.1875,,,
5.99755811691284,0,0.1875,0.1875,0.1875,0.1875,0.1875,0.1875,,,
5.99955797195435,0,0.1875,0.1875,0.1875,0.1875,0.1875,0.1875,,,
6.00156092643738,0,0.1875,0.1875,0.1875,0.1875,0.1875,0.1875,,,
6.00356411933899,0,0.1875,0.1875,0.1875,0.1875,0.1875,0.1875,,,
6.00556397438049,0,0.1875,0.1875,0.1875,0.1875,0.1875,0.1875,,,
6.00756692886353,0,0.1875,0.1875,0.1875,0.1875,0.1875,0.1875,,,
6.00956702232361,0,0.1875,0.1875,0.1875,0.1875,0.1875,0.1875,,,
6.01156997680664,0,0.1875,0.1875,0.1875,0.1875,0.1875,0.1875,,,
6.01357197761536,0,0.1875,0.1875,0.1875,0.1875,0.1875,0.1875,,,
6.01557302474976,0,0.1875,0.1875,0.1875,0.1875,0.1875,0.1875,,,
6.01757502555847,0,0.1875,0.1875,0.1875,0.1875,0.1875,0.1875,,,
6.0195779800415,0,0.1875,0.1875,0.1875,0.1875,0.1875,0.1875,,,
6.0215790271759,0,0.1875,0.1875,0.1875,0.1875,0.1875,0.1875,,,
6.02358198165894,0,0.1875,0.1875,0.1875,0.1875,0.1875,0.1875,,,
6.02558207511902,0,0.1875,0.1875,0.1875,0.1875,0.1875,0.1875,,,
6.02758502960205,0,0.1875,0.1875,0.1875,0.1875,0.1875,0.1875,,,
6.02958512306213,0,0.1875,0.1875,0.1875,0.1875,0.1875,0.1875,,,
6.03158807754517,0,0.1875,0.1875,0.1875,0.1875,0.1875,0.1875,,,
6.0335910320282,0,0.1875,0.1875,0.1875,0.1875,0.1875,0.1875,,,
6.03559112548828,0,0.1875,0.1875,0.1875,0.1875,0.1875,0.1875,,,
6.03759407997131,0,0.1875,0.1875,0.1875,0.1875,0.1875,0.1875,,,
6.03959703445435,0,0.1875,0.1875,0.1875,0.1875,0.1875,0.1875,,,
6.04159712791443,0,0.1875,0.1875,0.1875,0.1875,0.1875,0.1875,,,
6.04360008239746,0,0.1875,0.1875,0.1875,0.1875,0.1875,0.1875,,,
6.04559993743896,0,0.1875,0.1875,0.1875,0.1875,0.1875,0.1875,,,
6.04760313034058,0,0.1875,0.1875,0.1875,0.1875,0.1875,0.1875,,,
6.04960608482361,0,0.1875,0.1875,0.1875,0.1875,0.1875,0.1875,,,
6.05160593986511,0,0.1875,0.1875,0.1875,0.1875,0.1875,0.1875,,,
6.05360913276672,0,0.1875,0.1875,0.1875,0.1875,0.1875,0.1875,,,
6.05560898780823,0,0.1875,0.1875,0.1875,0.1875,0.1875,0.1875,,,
6.05761194229126,0,0.1875,0.1875,0.1875,0.1875,0.1875,0.1875,,,
6.05961513519287,0,0.1875,0.1875,0.1875,0.1875,0.1875,0.1875,,,
6.06161499023438,0,0.1875,0.1875,0.1875,0.1875,0.1875,0.1875,,,
6.06361794471741,0,0.1875,0.1875,0.1875,0.1875,0.1875,0.1875,,,
6.06561803817749,0,0.1875,0.1875,0.1875,0.1875,0.1875,0.1875,,,
6.06762099266052,0,0.1875,0.1875,0.1875,0.1875,0.1875,0.1875,,,
6.06962394714355,0,0.1875,0.1875,0.1875,0.1875,0.1875,0.1875,,,
6.07162404060364,0,0.1875,0.1875,0.1875,0.1875,0.1875,0.1875,,,
6.07362699508667,0,0.1875,0.1875,0.1875,0.1875,0.1875,0.1875,,,
6.0756299495697,0,0.1875,0.1875,0.1875,0.1875,0.1875,0.1875,,,
6.07763004302979,0,0.1875,0.1875,0.1875,0.1875,0.1875,0.1875,,,
6.07963299751282,0,0.1875,0.1875,0.1875,0.1875,0.1875,0.1875,,,
6.0816330909729,0,0.1875,0.1875,0.1875,0.1875,0.1875,0.1875,,,
6.08363604545593,0,0.1875,0.1875,0.1875,0.1875,0.1875,0.1875,,,
6.08563899993896,0,0.1875,0.1875,0.1875,0.1875,0.1875,0.1875,,,
6.08763909339905,0,0.1875,0.1875,0.1875,0.1875,0.1875,0.1875,,,
6.08964204788208,0,0.1875,0.1875,0.1875,0.1875,0.1875,0.1875,,,
6.09164500236511,0,0.1875,0.1875,0.1875,0.1875,0.1875,0.1875,,,
6.0936450958252,0,0.1875,0.1875,0.1875,0.1875,0.1875,0.1875,,,
6.09564805030823,0,0.1875,0.1875,0.1875,0.1875,0.1875,0.1875,,,
6.09764790534973,0,0.1875,0.1875,0.1875,0.1875,0.1875,0.1875,,,
6.09965109825134,0,0.1875,0.1875,0.1875,0.1875,0.1875,0.1875,,,
6.10165095329285,0,0.1875,0.1875,0.1875,0.1875,0.1875,0.1875,,,
6.10365390777588,0,0.1875,0.1875,0.1875,0.1875,0.1875,0.1875,,,
6.10565710067749,0,0.1875,0.1875,0.1875,0.1875,0.1875,0.1875,,,
6.10765695571899,0,0.1875,0.1875,0.1875,0.1875,0.1875,0.1875,,,
6.10965991020203,0,0.1875,0.1875,0.1875,0.1875,0.1875,0.1875,,,
6.11166310310364,0,0.1875,0.1875,0.1875,0.1875,0.1875,0.1875,,,
6.11366295814514,0,0.1875,0.1875,0.1875,0.1875,0.1875,0.1875,,,
6.11566591262817,0,0.1875,0.1875,0.1875,0.1875,0.1875,0.1875,,,
6.11766600608826,0,0.1875,0.1875,0.1875,0.1875,0.1875,0.1875,,,
6.11966896057129,0,0.1875,0.1875,0.1875,0.1875,0.1875,0.1875,,,
6.12167000770569,0,0.1875,0.1875,0.1875,0.1875,0.1875,0.1875,,,
6.12367296218872,0,0.1875,0.1875,0.1875,0.1875,0.1875,0.1875,,,
6.12567496299744,0,0.1875,0.1875,0.1875,0.1875,0.1875,0.1875,,,
6.12767601013184,0,0.1875,0.1875,0.1875,0.1875,0.1875,0.1875,,,
6.12967801094055,0,0.1875,0.1875,0.1875,0.1875,0.1875,0.1875,,,
6.13168096542358,0,0.1875,0.1875,0.1875,0.1875,0.1875,0.1875,,,
6.13368201255798,0,0.1875,0.1875,0.1875,0.1875,0.1875,0.1875,,,
6.1356840133667,0,0.1875,0.1875,0.1875,0.1875,0.1875,0.1875,,,
6.13768696784973,0,0.1875,0.1875,0.1875,0.1875,0.1875,0.1875,,,
6.13968801498413,0,0.1875,0.1875,0.1875,0.1875,0.1875,0.1875,,,
6.14169001579285,0,0.1875,0.1875,0.1875,0.1875,0.1875,0.1875,,,
6.14369106292725,0,0.1875,0.1875,0.1875,0.1875,0.1875,0.1875,,,
6.14569401741028,0,0.1875,0.1875,0.1875,0.1875,0.1875,0.1875,,,
6.14769601821899,0,0.1875,0.1875,0.1875,0.1875,0.1875,0.1875,,,
6.14969706535339,0,0.1875,0.1875,0.1875,0.1875,0.1875,0.1875,,,
6.15169906616211,0,0.1875,0.1875,0.1875,0.1875,0.1875,0.1875,,,
6.15370011329651,0,0.1875,0.1875,0.1875,0.1875,0.1875,0.1875,,,
6.15570306777954,0,0.1875,0.1875,0.1875,0.1875,0.1875,0.1875,,,
6.15770506858826,0,0.1875,0.1875,0.1875,0.1875,0.1875,0.1875,,,
6.15970611572266,0,0.1875,0.1875,0.1875,0.1875,0.1875,0.1875,,,
6.16170907020569,0,0.1875,0.1875,0.1875,0.1875,0.1875,0.1875,,,
6.1637110710144,0,0.1875,0.1875,0.1875,0.1875,0.1875,0.1875,,,
6.1657121181488,0,0.1875,0.1875,0.1875,0.1875,0.1875,0.1875,,,
6.16771507263184,0,0.1875,0.1875,0.1875,0.1875,0.1875,0.1875,,,
6.16971707344055,0,0.1875,0.1875,0.1875,0.1875,0.1875,0.1875,,,
6.17171812057495,0,0.1875,0.1875,0.1875,0.1875,0.1875,0.1875,,,
6.17372012138367,0,0.1875,0.1875,0.1875,0.1875,0.1875,0.1875,,,
6.17572093009949,0,0.1875,0.1875,0.1875,0.1875,0.1875,0.1875,,,
6.1777229309082,0,0.1875,0.1875,0.1875,0.1875,0.1875,0.1875,,,
6.17972612380981,0,0.1875,0.1875,0.1875,0.1875,0.1875,0.1875,,,
6.18172693252563,0,0.1875,0.1875,0.1875,0.1875,0.1875,0.1875,,,
6.18373012542725,0,0.1875,0.1875,0.1875,0.1875,0.1875,0.1875,,,
6.18573212623596,0,0.1875,0.1875,0.1875,0.1875,0.1875,0.1875,,,
6.18773293495178,0,0.1875,0.1875,0.1875,0.1875,0.1875,0.1875,,,
6.1897349357605,0,0.1875,0.1875,0.1875,0.1875,0.1875,0.1875,,,
6.19173812866211,0,0.1875,0.1875,0.1875,0.1875,0.1875,0.1875,,,
6.19373798370361,0,0.1875,0.1875,0.1875,0.1875,0.1875,0.1875,,,
6.19574093818665,0,0.1875,0.1875,0.1875,0.1875,0.1875,0.1875,,,
6.19774413108826,0,0.1875,0.1875,0.1875,0.1875,0.1875,0.1875,,,
6.19974398612976,0,0.1875,0.1875,0.1875,0.1875,0.1875,0.1875,,,
6.20174694061279,0,0.1875,0.1875,0.1875,0.1875,0.1875,0.1875,,,
6.20374703407288,0,0.1875,0.1875,0.1875,0.1875,0.1875,0.1875,,,
6.20574998855591,0,0.1875,0.1875,0.1875,0.1875,0.1875,0.1875,,,
6.20775294303894,0,0.1875,0.1875,0.1875,0.1875,0.1875,0.1875,,,
6.20975303649902,0,0.1875,0.1875,0.1875,0.1875,0.1875,0.1875,,,
6.21175599098206,0,0.1875,0.1875,0.1875,0.1875,0.1875,0.1875,,,
6.21375894546509,0,0.1875,0.1875,0.1875,0.1875,0.1875,0.1875,,,
6.21575903892517,0,0.1875,0.1875,0.1875,0.1875,0.1875,0.1875,,,
6.2177619934082,0,0.1875,0.1875,0.1875,0.1875,0.1875,0.1875,,,
6.21976208686829,0,0.1875,0.1875,0.1875,0.1875,0.1875,0.1875,,,
6.22176504135132,0,0.1875,0.1875,0.1875,0.1875,0.1875,0.1875,,,
6.22376799583435,0,0.1875,0.1875,0.1875,0.1875,0.1875,0.1875,,,
6.22576808929443,0,0.1875,0.1875,0.1875,0.1875,0.1875,0.1875,,,
6.22777104377747,0,0.1875,0.1875,0.1875,0.1875,0.1875,0.1875,,,
6.2297739982605,0,0.1875,0.1875,0.1875,0.1875,0.1875,0.1875,,,
6.23177409172058,0,0.1875,0.1875,0.1875,0.1875,0.1875,0.1875,,,
6.23377704620361,0,0.1875,0.1875,0.1875,0.1875,0.1875,0.1875,,,
6.2357771396637,0,0.1875,0.1875,0.1875,0.1875,0.1875,0.1875,,,
6.23778009414673,0,0.1875,0.1875,0.1875,0.1875,0.1875,0.1875,,,
6.23978304862976,0,0.1875,0.1875,0.1875,0.1875,0.1875,0.1875,,,
6.24178290367126,0,0.1875,0.1875,0.1875,0.1875,0.1875,0.1875,,,
6.24378609657288,0,0.1875,0.1875,0.1875,0.1875,0.1875,0.1875,,,
6.24578905105591,0,0.1875,0.1875,0.1875,0.1875,0.1875,0.1875,,,
6.24778890609741,0,0.1875,0.1875,0.1875,0.1875,0.1875,0.1875,,,
6.24979209899902,0,0.1875,0.1875,0.1875,0.1875,0.1875,0.1875,,,
6.25179290771484,0,0.1875,0.1875,0.1875,0.1875,0.1875,0.1875,,,
6.25379490852356,0,0.1875,0.1875,0.1875,0.1875,0.1875,0.1875,,,
6.25579810142517,0,0.1875,0.1875,0.1875,0.1875,0.1875,0.1875,,,
6.25779795646667,0,0.1875,0.1875,0.1875,0.1875,0.1875,0.1875,,,
6.25980091094971,0,0.1875,0.1875,0.1875,0.1875,0.1875,0.1875,,,
6.26180410385132,0,0.1875,0.1875,0.1875,0.1875,0.1875,0.1875,,,
6.26380491256714,0,0.1875,0.1875,0.1875,0.1875,0.1875,0.1875,,,
6.26580691337585,0,0.1875,0.1875,0.1875,0.1875,0.1875,0.1875,,,
6.26780796051025,0,0.1875,0.1875,0.1875,0.1875,0.1875,0.1875,,,
6.26981091499329,0,0.1875,0.1875,0.1875,0.1875,0.1875,0.1875,,,
6.27181100845337,0,0.1875,0.1875,0.1875,0.1875,0.1875,0.1875,,,
6.2738139629364,0,0.1875,0.1875,0.1875,0.1875,0.1875,0.1875,,,
6.27581691741943,0,0.1875,0.1875,0.1875,0.1875,0.1875,0.1875,,,
6.27781701087952,0,0.1875,0.1875,0.1875,0.1875,0.1875,0.1875,,,
6.27981996536255,0,0.1875,0.1875,0.1875,0.1875,0.1875,0.1875,,,
6.28182005882263,0,0.1875,0.1875,0.1875,0.1875,0.1875,0.1875,,,
6.28382301330566,0,0.1875,0.1875,0.1875,0.1875,0.1875,0.1875,,,
6.28582501411438,0,0.1875,0.1875,0.1875,0.1875,0.1875,0.1875,,,
6.28782606124878,0,0.1875,0.1875,0.1875,0.1875,0.1875,0.1875,,,
6.28982901573181,0,0.1875,0.1875,0.1875,0.1875,0.1875,0.1875,,,
6.29183197021484,0,0.1875,0.1875,0.1875,0.1875,0.1875,0.1875,,,
6.29383206367493,0,0.1875,0.1875,0.1875,0.1875,0.1875,0.1875,,,
6.29583501815796,0,0.1875,0.1875,0.1875,0.1875,0.1875,0.1875,,,
6.29783511161804,0,0.1875,0.1875,0.1875,0.1875,0.1875,0.1875,,,
6.29983806610107,0,0.1875,0.1875,0.1875,0.1875,0.1875,0.1875,,,
6.30184102058411,0,0.1875,0.1875,0.1875,0.1875,0.1875,0.1875,,,
6.30384111404419,0,0.1875,0.1875,0.1875,0.1875,0.1875,0.1875,,,
6.30584406852722,0,0.1875,0.1875,0.1875,0.1875,0.1875,0.1875,,,
6.30784392356873,0,0.1875,0.1875,0.1875,0.1875,0.1875,0.1875,,,
6.30984711647034,0,0.1875,0.1875,0.1875,0.1875,0.1875,0.1875,,,
6.31184697151184,0,0.1875,0.1875,0.1875,0.1875,0.1875,0.1875,,,
6.31384992599487,0,0.1875,0.1875,0.1875,0.1875,0.1875,0.1875,,,
6.31585311889648,0,0.1875,0.1875,0.1875,0.1875,0.1875,0.1875,,,
6.31785297393799,0,0.1875,0.1875,0.1875,0.1875,0.1875,0.1875,,,
6.31985592842102,0,0.1875,0.1875,0.1875,0.1875,0.1875,0.1875,,,
6.32185697555542,0,0.1875,0.1875,0.1875,0.1875,0.1875,0.1875,,,
6.32385897636414,0,0.1875,0.1875,0.1875,0.1875,0.1875,0.1875,,,
6.32586193084717,0,0.1875,0.1875,0.1875,0.1875,0.1875,0.1875,,,
6.32786202430725,0,0.1875,0.1875,0.1875,0.1875,0.1875,0.1875,,,
6.32986497879028,0,0.1875,0.1875,0.1875,0.1875,0.1875,0.1875,,,
6.33186793327332,0,0.1875,0.1875,0.1875,0.1875,0.1875,0.1875,,,
6.3338680267334,0,0.1875,0.1875,0.1875,0.1875,0.1875,0.1875,,,
6.33587098121643,0,0.1875,0.1875,0.1875,0.1875,0.1875,0.1875,,,
6.33787202835083,0,0.1875,0.1875,0.1875,0.1875,0.1875,0.1875,,,
6.33987402915955,0,0.1875,0.1875,0.1875,0.1875,0.1875,0.1875,,,
6.34187698364258,0,0.1875,0.1875,0.1875,0.1875,0.1875,0.1875,,,
6.34387803077698,0,0.1875,0.1875,0.1875,0.1875,0.1875,0.1875,,,
6.34588003158569,0,0.1875,0.1875,0.1875,0.1875,0.1875,0.1875,,,
6.34788107872009,0,0.1875,0.1875,0.1875,0.1875,0.1875,0.1875,,,
6.34988403320313,0,0.1875,0.1875,0.1875,0.1875,0.1875,0.1875,,,
6.35188603401184,0,0.1875,0.1875,0.1875,0.1875,0.1875,0.1875,,,
6.35388708114624,0,0.1875,0.1875,0.1875,0.1875,0.1875,0.1875,,,
6.35589003562927,0,0.1875,0.1875,0.1875,0.1875,0.1875,0.1875,,,
6.35789203643799,0,0.1875,0.1875,0.1875,0.1875,0.1875,0.1875,,,
6.35989308357239,0,0.1875,0.1875,0.1875,0.1875,0.1875,0.1875,,,
6.3618950843811,0,0.1875,0.1875,0.1875,0.1875,0.1875,0.1875,,,
6.3638961315155,0,0.1875,0.1875,0.1875,0.1875,0.1875,0.1875,,,
6.36589908599854,0,0.1875,0.1875,0.1875,0.1875,0.1875,0.1875,,,
6.36790013313293,0,0.1875,0.1875,0.1875,0.1875,0.1875,0.1875,,,
6.36990213394165,0,0.1875,0.1875,0.1875,0.1875,0.1875,0.1875,,,
6.37190294265747,0,0.1875,0.1875,0.1875,0.1875,0.1875,0.1875,,,
6.37390613555908,0,0.1875,0.1875,0.1875,0.1875,0.1875,0.1875,,,
6.37590909004211,0,0.1875,0.1875,0.1875,0.1875,0.1875,0.1875,,,
6.37790894508362,0,0.1875,0.1875,0.1875,0.1875,0.1875,0.1875,,,
6.37991213798523,0,0.1875,0.1875,0.1875,0.1875,0.1875,0.1875,,,
6.38191294670105,0,0.1875,0.1875,0.1875,0.1875,0.1875,0.1875,,,
6.38391494750977,0,0.1875,0.1875,0.1875,0.1875,0.1875,0.1875,,,
6.38591814041138,0,0.1875,0.1875,0.1875,0.1875,0.1875,0.1875,,,
6.3879189491272,0,0.1875,0.1875,0.1875,0.1875,0.1875,0.1875,,,
6.38992190361023,0,0.1875,0.1875,0.1875,0.1875,0.1875,0.1875,,,
6.39192199707031,0,0.1875,0.1875,0.1875,0.1875,0.1875,0.1875,,,
6.39392495155334,0,0.1875,0.1875,0.1875,0.1875,0.1875,0.1875,,,
6.39592790603638,0,0.1875,0.1875,0.1875,0.1875,0.1875,0.1875,,,
6.39792799949646,0,0.1875,0.1875,0.1875,0.1875,0.1875,0.1875,,,
6.39993095397949,0,0.1875,0.1875,0.1875,0.1875,0.1875,0.1875,,,
6.40193200111389,0,0.1875,0.1875,0.1875,0.1875,0.1875,0.1875,,,
6.40393400192261,0,0.1875,0.1875,0.1875,0.1875,0.1875,0.1875,,,
6.40593695640564,0,0.1875,0.1875,0.1875,0.1875,0.1875,0.1875,,,
6.40793895721436,0,0.1875,0.1875,0.1875,0.1875,0.1875,0.1875,,,
6.40993905067444,0,0.1875,0.1875,0.1875,0.1875,0.1875,0.1875,,,
6.41194200515747,0,0.1875,0.1875,0.1875,0.1875,0.1875,0.1875,,,
6.4139449596405,0,0.1875,0.1875,0.1875,0.1875,0.1875,0.1875,,,
6.41594505310059,0,0.1875,0.1875,0.1875,0.1875,0.1875,0.1875,,,
6.41794800758362,0,0.1875,0.1875,0.1875,0.1875,0.1875,0.1875,,,
6.41995096206665,0,0.1875,0.1875,0.1875,0.1875,0.1875,0.1875,,,
6.42195105552673,0,0.1875,0.1875,0.1875,0.1875,0.1875,0.1875,,,
6.42395401000977,0,0.1875,0.1875,0.1875,0.1875,0.1875,0.1875,,,
6.42595601081848,0,0.1875,0.1875,0.1875,0.1875,0.1875,0.1875,,,
6.42795896530151,0,0.1875,0.1875,0.1875,0.1875,0.1875,0.1875,,,
6.4299590587616,0,0.1875,0.1875,0.1875,0.1875,0.1875,0.1875,,,
6.43196201324463,0,0.1875,0.1875,0.1875,0.1875,0.1875,0.1875,,,
6.43396401405334,0,0.1875,0.1875,0.1875,0.1875,0.1875,0.1875,,,
6.43596410751343,0,0.1875,0.1875,0.1875,0.1875,0.1875,0.1875,,,
6.43796706199646,0,0.1875,0.1875,0.1875,0.1875,0.1875,0.1875,,,
6.43997001647949,0,0.1875,0.1875,0.1875,0.1875,0.1875,0.1875,,,
6.44197010993958,0,0.1875,0.1875,0.1875,0.1875,0.1875,0.1875,,,
6.44397306442261,0,0.1875,0.1875,0.1875,0.1875,0.1875,0.1875,,,
6.44597601890564,0,0.1875,0.1875,0.1875,0.1875,0.1875,0.1875,,,
6.44797801971436,0,0.1875,0.1875,0.1875,0.1875,0.1875,0.1875,,,
6.44997906684875,0,0.1875,0.1875,0.1875,0.1875,0.1875,0.1875,,,
6.45198106765747,0,0.1875,0.1875,0.1875,0.1875,0.1875,0.1875,,,
6.4539840221405,0,0.1875,0.1875,0.1875,0.1875,0.1875,0.1875,,,
6.45598411560059,0,0.1875,0.1875,0.1875,0.1875,0.1875,0.1875,,,
6.45798707008362,0,0.1875,0.1875,0.1875,0.1875,0.1875,0.1875,,,
6.45998907089233,0,0.1875,0.1875,0.1875,0.1875,0.1875,0.1875,,,
6.46199011802673,0,0.1875,0.1875,0.1875,0.1875,0.1875,0.1875,,,
6.46399211883545,0,0.1875,0.1875,0.1875,0.1875,0.1875,0.1875,,,
6.46599507331848,0,0.1875,0.1875,0.1875,0.1875,0.1875,0.1875,,,
6.46799492835999,0,0.1875,0.1875,0.1875,0.1875,0.1875,0.1875,,,
6.4699981212616,0,0.1875,0.1875,0.1875,0.1875,0.1875,0.1875,,,
6.47200107574463,0,0.1875,0.1875,0.1875,0.1875,0.1875,0.1875,,,
6.47400307655334,0,0.1875,0.1875,0.1875,0.1875,0.1875,0.1875,,,
6.47600412368774,0,0.1875,0.1875,0.1875,0.1875,0.1875,0.1875,,,
6.47804498672485,0,0.1875,0.1875,0.1875,0.1875,0.1875,0.1875,,,
6.48004698753357,0,0.1875,0.1875,0.1875,0.1875,0.1875,0.1875,,,
6.48204803466797,0,0.1875,0.1875,0.1875,0.1875,0.1875,0.1875,,,
6.48405003547668,0,0.1875,0.1875,0.1875,0.1875,0.1875,0.1875,,,
6.48605298995972,0,0.1875,0.1875,0.1875,0.1875,0.1875,0.1875,,,
6.4880530834198,0,0.1875,0.1875,0.1875,0.1875,0.1875,0.1875,,,
6.49005508422852,0,0.1875,0.1875,0.1875,0.1875,0.1875,0.1875,,,
6.49205803871155,0,0.1875,0.1875,0.1875,0.1875,0.1875,0.1875,,,
6.49406099319458,0,0.1875,0.1875,0.1875,0.1875,0.1875,0.1875,,,
6.49606108665466,0,0.1875,0.1875,0.1875,0.1875,0.1875,0.1875,,,
6.49806308746338,0,0.1875,0.1875,0.1875,0.1875,0.1875,0.1875,,,
6.50006604194641,0,0.1875,0.1875,0.1875,0.1875,0.1875,0.1875,,,
6.50206613540649,0,0.1875,0.1875,0.1875,0.1875,0.1875,0.1875,,,
6.50406908988953,0,0.1875,0.1875,0.1875,0.1875,0.1875,0.1875,,,
6.50607013702393,0,0.1875,0.1875,0.1875,0.1875,0.1875,0.1875,,,
6.50807690620422,0,0.1875,0.1875,0.1875,0.1875,0.1875,0.1875,,,
6.51008009910584,0,0.1875,0.1875,0.1875,0.1875,0.1875,0.1875,,,
6.51207995414734,0,0.1875,0.1875,0.1875,0.1875,0.1875,0.1875,,,
6.51408100128174,0,0.1875,0.1875,0.1875,0.1875,0.1875,0.1875,,,
6.51608109474182,0,0.1875,0.1875,0.1875,0.1875,0.1875,0.1875,,,
6.51808094978333,0,0.1875,0.1875,0.1875,0.1875,0.1875,0.1875,,,
6.52008390426636,0,0.1875,0.1875,0.1875,0.1875,0.1875,0.1875,,,
6.52208399772644,0,0.1875,0.1875,0.1875,0.1875,0.1875,0.1875,,,
6.52408695220947,0,0.1875,0.1875,0.1875,0.1875,0.1875,0.1875,,,
6.5260899066925,0,0.1875,0.1875,0.1875,0.1875,0.1875,0.1875,,,
6.52809000015259,0,0.1875,0.1875,0.1875,0.1875,0.1875,0.1875,,,
6.53009295463562,0,0.1875,0.1875,0.1875,0.1875,0.1875,0.1875,,,
6.53209590911865,0,0.1875,0.1875,0.1875,0.1875,0.1875,0.1875,,,
6.53409600257874,0,0.1875,0.1875,0.1875,0.1875,0.1875,0.1875,,,
6.53609895706177,0,0.1875,0.1875,0.1875,0.1875,0.1875,0.1875,,,
6.53810095787048,0,0.1875,0.1875,0.1875,0.1875,0.1875,0.1875,,,
6.54010200500488,0,0.1875,0.1875,0.1875,0.1875,0.1875,0.1875,,,
6.5421040058136,0,0.1875,0.1875,0.1875,0.1875,0.1875,0.1875,,,
6.544105052948,0,0.1875,0.1875,0.1875,0.1875,0.1875,0.1875,,,
6.54610800743103,0,0.1875,0.1875,0.1875,0.1875,0.1875,0.1875,,,
6.54811000823975,0,0.1875,0.1875,0.1875,0.1875,0.1875,0.1875,,,
6.55011105537415,0,0.1875,0.1875,0.1875,0.1875,0.1875,0.1875,,,
6.55211305618286,0,0.1875,0.1875,0.1875,0.1875,0.1875,0.1875,,,
6.55411601066589,0,0.1875,0.1875,0.1875,0.1875,0.1875,0.1875,,,
6.55611610412598,0,0.1875,0.1875,0.1875,0.1875,0.1875,0.1875,,,
6.55811905860901,0,0.1875,0.1875,0.1875,0.1875,0.1875,0.1875,,,
6.56012201309204,0,0.1875,0.1875,0.1875,0.1875,0.1875,0.1875,,,
6.56212306022644,0,0.1875,0.1875,0.1875,0.1875,0.1875,0.1875,,,
6.56412506103516,0,0.1875,0.1875,0.1875,0.1875,0.1875,0.1875,,,
6.56612610816956,0,0.1875,0.1875,0.1875,0.1875,0.1875,0.1875,,,
6.56812810897827,0,0.1875,0.1875,0.1875,0.1875,0.1875,0.1875,,,
6.5701310634613,0,0.1875,0.1875,0.1875,0.1875,0.1875,0.1875,,,
6.57213091850281,0,0.1875,0.1875,0.1875,0.1875,0.1875,0.1875,,,
6.57413411140442,0,0.1875,0.1875,0.1875,0.1875,0.1875,0.1875,,,
6.57613706588745,0,0.1875,0.1875,0.1875,0.1875,0.1875,0.1875,,,
6.57813692092896,0,0.1875,0.1875,0.1875,0.1875,0.1875,0.1875,,,
6.58014011383057,0,0.1875,0.1875,0.1875,0.1875,0.1875,0.1875,,,
6.58214092254639,0,0.1875,0.1875,0.1875,0.1875,0.1875,0.1875,,,
6.5841429233551,0,0.1875,0.1875,0.1875,0.1875,0.1875,0.1875,,,
6.5861439704895,0,0.1875,0.1875,0.1875,0.1875,0.1875,0.1875,,,
6.58814692497253,0,0.1875,0.1875,0.1875,0.1875,0.1875,0.1875,,,
6.59015011787415,0,0.1875,0.1875,0.1875,0.1875,0.1875,0.1875,,,
6.59214997291565,0,0.1875,0.1875,0.1875,0.1875,0.1875,0.1875,,,
6.59415292739868,0,0.1875,0.1875,0.1875,0.1875,0.1875,0.1875,,,
6.59615302085876,0,0.1875,0.1875,0.1875,0.1875,0.1875,0.1875,,,
6.5981559753418,0,0.1875,0.1875,0.1875,0.1875,0.1875,0.1875,,,
6.60015606880188,0,0.1875,0.1875,0.1875,0.1875,0.1875,0.1875,,,
6.60215902328491,0,0.1875,0.1875,0.1875,0.1875,0.1875,0.1875,,,
6.60416197776794,0,0.1875,0.1875,0.1875,0.1875,0.1875,0.1875,,,
6.60616207122803,0,0.1875,0.1875,0.1875,0.1875,0.1875,0.1875,,,
6.60816502571106,0,0.1875,0.1875,0.1875,0.1875,0.1875,0.1875,,,
6.61016798019409,0,0.1875,0.1875,0.1875,0.1875,0.1875,0.1875,,,
6.61216807365417,0,0.1875,0.1875,0.1875,0.1875,0.1875,0.1875,,,
6.61417102813721,0,0.1875,0.1875,0.1875,0.1875,0.1875,0.1875,,,
6.61617112159729,0,0.1875,0.1875,0.1875,0.1875,0.1875,0.1875,,,
6.61817407608032,0,0.1875,0.1875,0.1875,0.1875,0.1875,0.1875,,,
6.62017703056335,0,0.1875,0.1875,0.1875,0.1875,0.1875,0.1875,,,
6.62217712402344,0,0.1875,0.1875,0.1875,0.1875,0.1875,0.1875,,,
6.62418007850647,0,0.1875,0.1875,0.1875,0.1875,0.1875,0.1875,,,
6.62617993354797,0,0.1875,0.1875,0.1875,0.1875,0.1875,0.1875,,,
6.62818312644959,0,0.1875,0.1875,0.1875,0.1875,0.1875,0.1875,,,
6.63018608093262,0,0.1875,0.1875,0.1875,0.1875,0.1875,0.1875,,,
6.63218593597412,0,0.1875,0.1875,0.1875,0.1875,0.1875,0.1875,,,
6.63418912887573,0,0.1875,0.1875,0.1875,0.1875,0.1875,0.1875,,,
6.63619208335876,0,0.1875,0.1875,0.1875,0.1875,0.1875,0.1875,,,
6.63819193840027,0,0.1875,0.1875,0.1875,0.1875,0.1875,0.1875,,,
6.64019513130188,0,0.1875,0.1875,0.1875,0.1875,0.1875,0.1875,,,
6.64219498634338,0,0.1875,0.1875,0.1875,0.1875,0.1875,0.1875,,,
6.64419794082642,0,0.1875,0.1875,0.1875,0.1875,0.1875,0.1875,,,
6.6461980342865,0,0.1875,0.1875,0.1875,0.1875,0.1875,0.1875,,,
6.64820098876953,0,0.1875,0.1875,0.1875,0.1875,0.1875,0.1875,,,
6.65020394325256,0,0.1875,0.1875,0.1875,0.1875,0.1875,0.1875,,,
6.65220403671265,0,0.1875,0.1875,0.1875,0.1875,0.1875,0.1875,,,
6.65420699119568,0,0.1875,0.1875,0.1875,0.1875,0.1875,0.1875,,,
6.65620994567871,0,0.1875,0.1875,0.1875,0.1875,0.1875,0.1875,,,
6.65821003913879,0,0.1875,0.1875,0.1875,0.1875,0.1875,0.1875,,,
6.66021299362183,0,0.1875,0.1875,0.1875,0.1875,0.1875,0.1875,,,
6.66221594810486,0,0.1875,0.1875,0.1875,0.1875,0.1875,0.1875,,,
6.66421604156494,0,0.1875,0.1875,0.1875,0.1875,0.1875,0.1875,,,
6.66621899604797,0,0.1875,0.1875,0.1875,0.1875,0.1875,0.1875,,,
6.66821908950806,0,0.1875,0.1875,0.1875,0.1875,0.1875,0.1875,,,
6.67022204399109,0,0.1875,0.1875,0.1875,0.1875,0.1875,0.1875,,,
6.67222499847412,0,0.1875,0.1875,0.1875,0.1875,0.1875,0.1875,,,
6.6742250919342,0,0.1875,0.1875,0.1875,0.1875,0.1875,0.1875,,,
6.67622804641724,0,0.1875,0.1875,0.1875,0.1875,0.1875,0.1875,,,
6.67823100090027,0,0.1875,0.1875,0.1875,0.1875,0.1875,0.1875,,,
6.68023109436035,0,0.1875,0.1875,0.1875,0.1875,0.1875,0.1875,,,
6.68223404884338,0,0.1875,0.1875,0.1875,0.1875,0.1875,0.1875,,,
6.68423390388489,0,0.1875,0.1875,0.1875,0.1875,0.1875,0.1875,,,
6.6862370967865,0,0.1875,0.1875,0.1875,0.1875,0.1875,0.1875,,,
6.68823790550232,0,0.1875,0.1875,0.1875,0.1875,0.1875,0.1875,,,
6.69023990631104,0,0.1875,0.1875,0.1875,0.1875,0.1875,0.1875,,,
6.69224309921265,0,0.1875,0.1875,0.1875,0.1875,0.1875,0.1875,,,
6.69424390792847,0,0.1875,0.1875,0.1875,0.1875,0.1875,0.1875,,,
6.69624590873718,0,0.1875,0.1875,0.1875,0.1875,0.1875,0.1875,,,
6.69824695587158,0,0.1875,0.1875,0.1875,0.1875,0.1875,0.1875,,,
6.70024991035461,0,0.1875,0.1875,0.1875,0.1875,0.1875,0.1875,,,
6.70225191116333,0,0.1875,0.1875,0.1875,0.1875,0.1875,0.1875,,,
6.70425295829773,0,0.1875,0.1875,0.1875,0.1875,0.1875,0.1875,,,
6.70625495910645,0,0.1875,0.1875,0.1875,0.1875,0.1875,0.1875,,,
6.70825791358948,0,0.1875,0.1875,0.1875,0.1875,0.1875,0.1875,,,
6.71025800704956,0,0.1875,0.1875,0.1875,0.1875,0.1875,0.1875,,,
6.71226096153259,0,0.1875,0.1875,0.1875,0.1875,0.1875,0.1875,,,
6.71426391601563,0,0.1875,0.1875,0.1875,0.1875,0.1875,0.1875,,,
6.71626400947571,0,0.1875,0.1875,0.1875,0.1875,0.1875,0.1875,,,
6.71826696395874,0,0.1875,0.1875,0.1875,0.1875,0.1875,0.1875,,,
6.72026705741882,0,0.1875,0.1875,0.1875,0.1875,0.1875,0.1875,,,
6.72227001190186,0,0.1875,0.1875,0.1875,0.1875,0.1875,0.1875,,,
6.72427296638489,0,0.1875,0.1875,0.1875,0.1875,0.1875,0.1875,,,
6.72627305984497,0,0.1875,0.1875,0.1875,0.1875,0.1875,0.1875,,,
6.728276014328,0,0.1875,0.1875,0.1875,0.1875,0.1875,0.1875,,,
6.73027896881104,0,0.1875,0.1875,0.1875,0.1875,0.1875,0.1875,,,
6.73227906227112,0,0.1875,0.1875,0.1875,0.1875,0.1875,0.1875,,,
6.73428201675415,0,0.1875,0.1875,0.1875,0.1875,0.1875,0.1875,,,
6.73628211021423,0,0.1875,0.1875,0.1875,0.1875,0.1875,0.1875,,,
6.73828506469727,0,0.1875,0.1875,0.1875,0.1875,0.1875,0.1875,,,
6.7402880191803,0,0.1875,0.1875,0.1875,0.1875,0.1875,0.1875,,,
6.74228811264038,0,0.1875,0.1875,0.1875,0.1875,0.1875,0.1875,,,
6.74429106712341,0,0.1875,0.1875,0.1875,0.1875,0.1875,0.1875,,,
6.74629092216492,0,0.1875,0.1875,0.1875,0.1875,0.1875,0.1875,,,
6.74829411506653,0,0.1875,0.1875,0.1875,0.1875,0.1875,0.1875,,,
6.75029397010803,0,0.1875,0.1875,0.1875,0.1875,0.1875,0.1875,,,
6.75229692459106,0,0.1875,0.1875,0.1875,0.1875,0.1875,0.1875,,,
6.75430011749268,0,0.1875,0.1875,0.1875,0.1875,0.1875,0.1875,,,
6.75629997253418,0,0.1875,0.1875,0.1875,0.1875,0.1875,0.1875,,,
6.75830292701721,0,0.1875,0.1875,0.1875,0.1875,0.1875,0.1875,,,
6.76030302047729,0,0.1875,0.1875,0.1875,0.1875,0.1875,0.1875,,,
6.76230597496033,0,0.1875,0.1875,0.1875,0.1875,0.1875,0.1875,,,
6.76430892944336,0,0.1875,0.1875,0.1875,0.1875,0.1875,0.1875,,,
6.76630902290344,0,0.1875,0.1875,0.1875,0.1875,0.1875,0.1875,,,
6.76831197738647,0,0.1875,0.1875,0.1875,0.1875,0.1875,0.1875,,,
6.77031207084656,0,0.1875,0.1875,0.1875,0.1875,0.1875,0.1875,,,
6.77231502532959,0,0.1875,0.1875,0.1875,0.1875,0.1875,0.1875,,,
6.77431797981262,0,0.1875,0.1875,0.1875,0.1875,0.1875,0.1875,,,
6.77631807327271,0,0.1875,0.1875,0.1875,0.1875,0.1875,0.1875,,,
6.77832102775574,0,0.1875,0.1875,0.1875,0.1875,0.1875,0.1875,,,
6.78032398223877,0,0.1875,0.1875,0.1875,0.1875,0.1875,0.1875,,,
6.78232407569885,0,0.1875,0.1875,0.1875,0.1875,0.1875,0.1875,,,
6.78432703018188,0,0.1875,0.1875,0.1875,0.1875,0.1875,0.1875,,,
6.78632998466492,0,0.1875,0.1875,0.1875,0.1875,0.1875,0.1875,,,
6.788330078125,0,0.1875,0.1875,0.1875,0.1875,0.1875,0.1875,,,
6.79033303260803,0,0.1875,0.1875,0.1875,0.1875,0.1875,0.1875,,,
6.79233312606812,0,0.1875,0.1875,0.1875,0.1875,0.1875,0.1875,,,
6.79433608055115,0,0.1875,0.1875,0.1875,0.1875,0.1875,0.1875,,,
6.79633903503418,0,0.1875,0.1875,0.1875,0.1875,0.1875,0.1875,,,
6.79833912849426,0,0.1875,0.1875,0.1875,0.1875,0.1875,0.1875,,,
6.80034208297729,0,0.1875,0.1875,0.1875,0.1875,0.1875,0.1875,,,
6.8023419380188,0,0.1875,0.1875,0.1875,0.1875,0.1875,0.1875,,,
6.80434513092041,0,0.1875,0.1875,0.1875,0.1875,0.1875,0.1875,,,
6.80634808540344,0,0.1875,0.1875,0.1875,0.1875,0.1875,0.1875,,,
6.80834794044495,0,0.1875,0.1875,0.1875,0.1875,0.1875,0.1875,,,
6.81035113334656,0,0.1875,0.1875,0.1875,0.1875,0.1875,0.1875,,,
6.81235408782959,0,0.1875,0.1875,0.1875,0.1875,0.1875,0.1875,,,
6.81435394287109,0,0.1875,0.1875,0.1875,0.1875,0.1875,0.1875,,,
6.81635713577271,0,0.1875,0.1875,0.1875,0.1875,0.1875,0.1875,,,
6.81836009025574,0,0.1875,0.1875,0.1875,0.1875,0.1875,0.1875,,,
6.82035994529724,0,0.1875,0.1875,0.1875,0.1875,0.1875,0.1875,,,
6.82236313819885,0,0.1875,0.1875,0.1875,0.1875,0.1875,0.1875,,,
6.82436513900757,0,0.1875,0.1875,0.1875,0.1875,0.1875,0.1875,,,
6.82636594772339,0,0.1875,0.1875,0.1875,0.1875,0.1875,0.1875,,,
6.828369140625,0,0.1875,0.1875,0.1875,0.1875,0.1875,0.1875,,,
6.8303689956665,0,0.1875,0.1875,0.1875,0.1875,0.1875,0.1875,,,
6.83237195014954,0,0.1875,0.1875,0.1875,0.1875,0.1875,0.1875,,,
6.83437490463257,0,0.1875,0.1875,0.1875,0.1875,0.1875,0.1875,,,
6.83637499809265,0,0.1875,0.1875,0.1875,0.1875,0.1875,0.1875,,,
6.83837795257568,0,0.1875,0.1875,0.1875,0.1875,0.1875,0.1875,,,
6.84037804603577,0,0.1875,0.1875,0.1875,0.1875,0.1875,0.1875,,,
6.8423810005188,0,0.1875,0.1875,0.1875,0.1875,0.1875,0.1875,,,
6.84438300132751,0,0.1875,0.1875,0.1875,0.1875,0.1875,0.1875,,,
6.84638404846191,0,0.1875,0.1875,0.1875,0.1875,0.1875,0.1875,,,
6.84838604927063,0,0.1875,0.1875,0.1875,0.1875,0.1875,0.1875,,,
6.85038900375366,0,0.1875,0.1875,0.1875,0.1875,0.1875,0.1875,,,
6.85239005088806,0,0.1875,0.1875,0.1875,0.1875,0.1875,0.1875,,,
6.85439300537109,0,0.1875,0.1875,0.1875,0.1875,0.1875,0.1875,,,
6.85639500617981,0,0.1875,0.1875,0.1875,0.1875,0.1875,0.1875,,,
6.85839605331421,0,0.1875,0.1875,0.1875,0.1875,0.1875,0.1875,,,
6.86039805412292,0,0.1875,0.1875,0.1875,0.1875,0.1875,0.1875,,,
6.86240100860596,0,0.1875,0.1875,0.1875,0.1875,0.1875,0.1875,,,
6.86440110206604,0,0.1875,0.1875,0.1875,0.1875,0.1875,0.1875,,,
6.86640405654907,0,0.1875,0.1875,0.1875,0.1875,0.1875,0.1875,,,
6.8684070110321,0,0.1875,0.1875,0.1875,0.1875,0.1875,0.1875,,,
6.87040710449219,0,0.1875,0.1875,0.1875,0.1875,0.1875,0.1875,,,
6.87241005897522,0,0.1875,0.1875,0.1875,0.1875,0.1875,0.1875,,,
6.87441110610962,0,0.1875,0.1875,0.1875,0.1875,0.1875,0.1875,,,
6.87641310691834,0,0.1875,0.1875,0.1875,0.1875,0.1875,0.1875,,,
6.87841606140137,0,0.1875,0.1875,0.1875,0.1875,0.1875,0.1875,,,
6.88041710853577,0,0.1875,0.1875,0.1875,0.1875,0.1875,0.1875,,,
6.88241910934448,0,0.1875,0.1875,0.1875,0.1875,0.1875,0.1875,,,
6.88442206382751,0,0.1875,0.1875,0.1875,0.1875,0.1875,0.1875,,,
6.88642191886902,0,0.1875,0.1875,0.1875,0.1875,0.1875,0.1875,,,
6.88842511177063,0,0.1875,0.1875,0.1875,0.1875,0.1875,0.1875,,,
6.89042806625366,0,0.1875,0.1875,0.1875,0.1875,0.1875,0.1875,,,
6.89242792129517,0,0.1875,0.1875,0.1875,0.1875,0.1875,0.1875,,,
6.89443111419678,0,0.1875,0.1875,0.1875,0.1875,0.1875,0.1875,,,
6.89643096923828,0,0.1875,0.1875,0.1875,0.1875,0.1875,0.1875,,,
6.89843392372131,0,0.1875,0.1875,0.1875,0.1875,0.1875,0.1875,,,
6.90043711662292,0,0.1875,0.1875,0.1875,0.1875,0.1875,0.1875,,,
6.90243697166443,0,0.1875,0.1875,0.1875,0.1875,0.1875,0.1875,,,
6.90443992614746,0,0.1875,0.1875,0.1875,0.1875,0.1875,0.1875,,,
6.90644001960754,0,0.1875,0.1875,0.1875,0.1875,0.1875,0.1875,,,
6.90844297409058,0,0.1875,0.1875,0.1875,0.1875,0.1875,0.1875,,,
6.91044592857361,0,0.1875,0.1875,0.1875,0.1875,0.1875,0.1875,,,
6.91244602203369,0,0.1875,0.1875,0.1875,0.1875,0.1875,0.1875,,,
6.91444897651672,0,0.1875,0.1875,0.1875,0.1875,0.1875,0.1875,,,
6.91645002365112,0,0.1875,0.1875,0.1875,0.1875,0.1875,0.1875,,,
6.91845202445984,0,0.1875,0.1875,0.1875,0.1875,0.1875,0.1875,,,
6.92045497894287,0,0.1875,0.1875,0.1875,0.1875,0.1875,0.1875,,,
6.92245507240295,0,0.1875,0.1875,0.1875,0.1875,0.1875,0.1875,,,
6.92445802688599,0,0.1875,0.1875,0.1875,0.1875,0.1875,0.1875,,,
6.92645907402039,0,0.1875,0.1875,0.1875,0.1875,0.1875,0.1875,,,
6.9284610748291,0,0.1875,0.1875,0.1875,0.1875,0.1875,0.1875,,,
6.93046402931213,0,0.1875,0.1875,0.1875,0.1875,0.1875,0.1875,,,
6.93246507644653,0,0.1875,0.1875,0.1875,0.1875,0.1875,0.1875,,,
6.93446707725525,0,0.1875,0.1875,0.1875,0.1875,0.1875,0.1875,,,
6.93647003173828,0,0.1875,0.1875,0.1875,0.1875,0.1875,0.1875,,,
6.93847107887268,0,0.1875,0.1875,0.1875,0.1875,0.1875,0.1875,,,
6.9404730796814,0,0.1875,0.1875,0.1875,0.1875,0.1875,0.1875,,,
6.9424741268158,0,0.1875,0.1875,0.1875,0.1875,0.1875,0.1875,,,
6.94447612762451,0,0.1875,0.1875,0.1875,0.1875,0.1875,0.1875,,,
6.94647908210754,0,0.1875,0.1875,0.1875,0.1875,0.1875,0.1875,,,
6.94848012924194,0,0.1875,0.1875,0.1875,0.1875,0.1875,0.1875,,,
6.95048213005066,0,0.1875,0.1875,0.1875,0.1875,0.1875,0.1875,,,
6.95248508453369,0,0.1875,0.1875,0.1875,0.1875,0.1875,0.1875,,,
6.9544849395752,0,0.1875,0.1875,0.1875,0.1875,0.1875,0.1875,,,
6.95648813247681,0,0.1875,0.1875,0.1875,0.1875,0.1875,0.1875,,,
6.95849108695984,0,0.1875,0.1875,0.1875,0.1875,0.1875,0.1875,,,
6.96049094200134,0,0.1875,0.1875,0.1875,0.1875,0.1875,0.1875,,,
6.96249413490295,0,0.1875,0.1875,0.1875,0.1875,0.1875,0.1875,,,
6.96449398994446,0,0.1875,0.1875,0.1875,0.1875,0.1875,0.1875,,,
6.96649694442749,0,0.1875,0.1875,0.1875,0.1875,0.1875,0.1875,,,
6.9685001373291,0,0.1875,0.1875,0.1875,0.1875,0.1875,0.1875,,,
6.97049999237061,0,0.1875,0.1875,0.1875,0.1875,0.1875,0.1875,,,
6.97250294685364,0,0.1875,0.1875,0.1875,0.1875,0.1875,0.1875,,,
6.97450304031372,0,0.1875,0.1875,0.1875,0.1875,0.1875,0.1875,,,
6.97650599479675,0,0.1875,0.1875,0.1875,0.1875,0.1875,0.1875,,,
6.97854399681091,0,0.1875,0.1875,0.1875,0.1875,0.1875,0.1875,,,
6.980544090271,0,0.1875,0.1875,0.1875,0.1875,0.1875,0.1875,,,
6.98254704475403,0,0.1875,0.1875,0.1875,0.1875,0.1875,0.1875,,,
6.98454713821411,0,0.1875,0.1875,0.1875,0.1875,0.1875,0.1875,,,
6.98655009269714,0,0.1875,0.1875,0.1875,0.1875,0.1875,0.1875,,,
6.98855304718018,0,0.1875,0.1875,0.1875,0.1875,0.1875,0.1875,,,
6.99055314064026,0,0.1875,0.1875,0.1875,0.1875,0.1875,0.1875,,,
6.99255609512329,0,0.1875,0.1875,0.1875,0.1875,0.1875,0.1875,,,
6.99455904960632,0,0.1875,0.1875,0.1875,0.1875,0.1875,0.1875,,,
6.99655890464783,0,0.1875,0.1875,0.1875,0.1875,0.1875,0.1875,,,
6.99856209754944,0,0.1875,0.1875,0.1875,0.1875,0.1875,0.1875,,,
7.00056195259094,0,0.1875,0.1875,0.1875,0.1875,0.1875,0.1875,,,
7.00256490707397,0,0.1875,0.1875,0.1875,0.1875,0.1875,0.1875,,,
7.00456809997559,0,0.1875,0.1875,0.1875,0.1875,0.1875,0.1875,,,
7.00656795501709,0,0.1875,0.1875,0.1875,0.1875,0.1875,0.1875,,,
7.00857090950012,0,0.1875,0.1875,0.1875,0.1875,0.1875,0.1875,,,
7.01057100296021,0,0.1875,0.1875,0.1875,0.1875,0.1875,0.1875,,,
7.01257395744324,0,0.1875,0.1875,0.1875,0.1875,0.1875,0.1875,,,
7.01457691192627,0,0.1875,0.1875,0.1875,0.1875,0.1875,0.1875,,,
7.01657700538635,0,0.1875,0.1875,0.1875,0.1875,0.1875,0.1875,,,
7.01857995986938,0,0.1875,0.1875,0.1875,0.1875,0.1875,0.1875,,,
7.0205819606781,0,0.1875,0.1875,0.1875,0.1875,0.1875,0.1875,,,
7.0225830078125,0,0.1875,0.1875,0.1875,0.1875,0.1875,0.1875,,,
7.02458596229553,0,0.1875,0.1875,0.1875,0.1875,0.1875,0.1875,,,
7.02658605575562,0,0.1875,0.1875,0.1875,0.1875,0.1875,0.1875,,,
7.02858901023865,0,0.1875,0.1875,0.1875,0.1875,0.1875,0.1875,,,
7.03059196472168,0,0.1875,0.1875,0.1875,0.1875,0.1875,0.1875,,,
7.03259205818176,0,0.1875,0.1875,0.1875,0.1875,0.1875,0.1875,,,
7.03459501266479,0,0.1875,0.1875,0.1875,0.1875,0.1875,0.1875,,,
7.03659796714783,0,0.1875,0.1875,0.1875,0.1875,0.1875,0.1875,,,
7.03859806060791,0,0.1875,0.1875,0.1875,0.1875,0.1875,0.1875,,,
7.04060101509094,0,0.1875,0.1875,0.1875,0.1875,0.1875,0.1875,,,
7.04260110855103,0,0.1875,0.1875,0.1875,0.1875,0.1875,0.1875,,,
7.04460406303406,0,0.1875,0.1875,0.1875,0.1875,0.1875,0.1875,,,
7.04660701751709,0,0.1875,0.1875,0.1875,0.1875,0.1875,0.1875,,,
7.04860711097717,0,0.1875,0.1875,0.1875,0.1875,0.1875,0.1875,,,
7.05061006546021,0,0.1875,0.1875,0.1875,0.1875,0.1875,0.1875,,,
7.05260992050171,0,0.1875,0.1875,0.1875,0.1875,0.1875,0.1875,,,
7.05461311340332,0,0.1875,0.1875,0.1875,0.1875,0.1875,0.1875,,,
7.05661606788635,0,0.1875,0.1875,0.1875,0.1875,0.1875,0.1875,,,
7.05861592292786,0,0.1875,0.1875,0.1875,0.1875,0.1875,0.1875,,,
7.06061911582947,0,0.1875,0.1875,0.1875,0.1875,0.1875,0.1875,,,
7.06261992454529,0,0.1875,0.1875,0.1875,0.1875,0.1875,0.1875,,,
7.064621925354,0,0.1875,0.1875,0.1875,0.1875,0.1875,0.1875,,,
7.06662511825562,0,0.1875,0.1875,0.1875,0.1875,0.1875,0.1875,,,
7.06862497329712,0,0.1875,0.1875,0.1875,0.1875,0.1875,0.1875,,,
7.07062792778015,0,0.1875,0.1875,0.1875,0.1875,0.1875,0.1875,,,
7.07263112068176,0,0.1875,0.1875,0.1875,0.1875,0.1875,0.1875,,,
7.07463097572327,0,0.1875,0.1875,0.1875,0.1875,0.1875,0.1875,,,
7.0766339302063,0,0.1875,0.1875,0.1875,0.1875,0.1875,0.1875,,,
7.0786349773407,0,0.1875,0.1875,0.1875,0.1875,0.1875,0.1875,,,
7.08063697814941,0,0.1875,0.1875,0.1875,0.1875,0.1875,0.1875,,,
7.08263993263245,0,0.1875,0.1875,0.1875,0.1875,0.1875,0.1875,,,
7.08464002609253,0,0.1875,0.1875,0.1875,0.1875,0.1875,0.1875,,,
7.08664298057556,0,0.1875,0.1875,0.1875,0.1875,0.1875,0.1875,,,
7.08864593505859,0,0.1875,0.1875,0.1875,0.1875,0.1875,0.1875,,,
7.09064602851868,0,0.1875,0.1875,0.1875,0.1875,0.1875,0.1875,,,
7.09264898300171,0,0.1875,0.1875,0.1875,0.1875,0.1875,0.1875,,,
7.09464907646179,0,0.1875,0.1875,0.1875,0.1875,0.1875,0.1875,,,
7.09665203094482,0,0.1875,0.1875,0.1875,0.1875,0.1875,0.1875,,,
7.09865498542786,0,0.1875,0.1875,0.1875,0.1875,0.1875,0.1875,,,
7.10065507888794,0,0.1875,0.1875,0.1875,0.1875,0.1875,0.1875,,,
7.10265803337097,0,0.1875,0.1875,0.1875,0.1875,0.1875,0.1875,,,
7.104660987854,0,0.1875,0.1875,0.1875,0.1875,0.1875,0.1875,,,
7.10666108131409,0,0.1875,0.1875,0.1875,0.1875,0.1875,0.1875,,,
7.10866403579712,0,0.1875,0.1875,0.1875,0.1875,0.1875,0.1875,,,
7.11066699028015,0,0.1875,0.1875,0.1875,0.1875,0.1875,0.1875,,,
7.11266708374023,0,0.1875,0.1875,0.1875,0.1875,0.1875,0.1875,,,
7.11467003822327,0,0.1875,0.1875,0.1875,0.1875,0.1875,0.1875,,,
7.11667013168335,0,0.1875,0.1875,0.1875,0.1875,0.1875,0.1875,,,
7.11867308616638,0,0.1875,0.1875,0.1875,0.1875,0.1875,0.1875,,,
7.12067604064941,0,0.1875,0.1875,0.1875,0.1875,0.1875,0.1875,,,
7.1226761341095,0,0.1875,0.1875,0.1875,0.1875,0.1875,0.1875,,,
7.12467908859253,0,0.1875,0.1875,0.1875,0.1875,0.1875,0.1875,,,
7.12668204307556,0,0.1875,0.1875,0.1875,0.1875,0.1875,0.1875,,,
7.12868213653564,0,0.1875,0.1875,0.1875,0.1875,0.1875,0.1875,,,
7.13068509101868,0,0.1875,0.1875,0.1875,0.1875,0.1875,0.1875,,,
7.13268804550171,0,0.1875,0.1875,0.1875,0.1875,0.1875,0.1875,,,
7.13468813896179,0,0.1875,0.1875,0.1875,0.1875,0.1875,0.1875,,,
7.13669109344482,0,0.1875,0.1875,0.1875,0.1875,0.1875,0.1875,,,
7.13869404792786,0,0.1875,0.1875,0.1875,0.1875,0.1875,0.1875,,,
7.14069414138794,0,0.1875,0.1875,0.1875,0.1875,0.1875,0.1875,,,
7.14269709587097,0,0.1875,0.1875,0.1875,0.1875,0.1875,0.1875,,,
7.14469695091248,0,0.1875,0.1875,0.1875,0.1875,0.1875,0.1875,,,
7.14669990539551,0,0.1875,0.1875,0.1875,0.1875,0.1875,0.1875,,,
7.14870309829712,0,0.1875,0.1875,0.1875,0.1875,0.1875,0.1875,,,
7.15070295333862,0,0.1875,0.1875,0.1875,0.1875,0.1875,0.1875,,,
7.15270590782166,0,0.1875,0.1875,0.1875,0.1875,0.1875,0.1875,,,
7.15470600128174,0,0.1875,0.1875,0.1875,0.1875,0.1875,0.1875,,,
7.15670895576477,0,0.1875,0.1875,0.1875,0.1875,0.1875,0.1875,,,
7.1587119102478,0,0.1875,0.1875,0.1875,0.1875,0.1875,0.1875,,,
7.16071200370789,0,0.1875,0.1875,0.1875,0.1875,0.1875,0.1875,,,
7.16271495819092,0,0.1875,0.1875,0.1875,0.1875,0.1875,0.1875,,,
7.164715051651,0,0.1875,0.1875,0.1875,0.1875,0.1875,0.1875,,,
7.16671800613403,0,0.1875,0.1875,0.1875,0.1875,0.1875,0.1875,,,
7.16872096061707,0,0.1875,0.1875,0.1875,0.1875,0.1875,0.1875,,,
7.17072105407715,0,0.1875,0.1875,0.1875,0.1875,0.1875,0.1875,,,
7.17272400856018,0,0.1875,0.1875,0.1875,0.1875,0.1875,0.1875,,,
7.17472696304321,0,0.1875,0.1875,0.1875,0.1875,0.1875,0.1875,,,
7.1767270565033,0,0.1875,0.1875,0.1875,0.1875,0.1875,0.1875,,,
7.17873001098633,0,0.1875,0.1875,0.1875,0.1875,0.1875,0.1875,,,
7.18073010444641,0,0.1875,0.1875,0.1875,0.1875,0.1875,0.1875,,,
7.18273305892944,0,0.1875,0.1875,0.1875,0.1875,0.1875,0.1875,,,
7.18473601341248,0,0.1875,0.1875,0.1875,0.1875,0.1875,0.1875,,,
7.18673610687256,0,0.1875,0.1875,0.1875,0.1875,0.1875,0.1875,,,
7.18873906135559,0,0.1875,0.1875,0.1875,0.1875,0.1875,0.1875,,,
7.19074201583862,0,0.1875,0.1875,0.1875,0.1875,0.1875,0.1875,,,
7.19274210929871,0,0.1875,0.1875,0.1875,0.1875,0.1875,0.1875,,,
7.19474506378174,0,0.1875,0.1875,0.1875,0.1875,0.1875,0.1875,,,
7.19674611091614,0,0.1875,0.1875,0.1875,0.1875,0.1875,0.1875,,,
7.19874811172485,0,0.1875,0.1875,0.1875,0.1875,0.1875,0.1875,,,
7.20075106620789,0,0.1875,0.1875,0.1875,0.1875,0.1875,0.1875,,,
7.20275211334229,0,0.1875,0.1875,0.1875,0.1875,0.1875,0.1875,,,
7.204754114151,0,0.1875,0.1875,0.1875,0.1875,0.1875,0.1875,,,
7.20675492286682,0,0.1875,0.1875,0.1875,0.1875,0.1875,0.1875,,,
7.20875811576843,0,0.1875,0.1875,0.1875,0.1875,0.1875,0.1875,,,
7.21075797080994,0,0.1875,0.1875,0.1875,0.1875,0.1875,0.1875,,,
7.21276092529297,0,0.1875,0.1875,0.1875,0.1875,0.1875,0.1875,,,
7.21476411819458,0,0.1875,0.1875,0.1875,0.1875,0.1875,0.1875,,,
7.21676397323608,0,0.1875,0.1875,0.1875,0.1875,0.1875,0.1875,,,
7.21876692771912,0,0.1875,0.1875,0.1875,0.1875,0.1875,0.1875,,,
7.2207670211792,0,0.1875,0.1875,0.1875,0.1875,0.1875,0.1875,,,
7.22276997566223,0,0.1875,0.1875,0.1875,0.1875,0.1875,0.1875,,,
7.22477293014526,0,0.1875,0.1875,0.1875,0.1875,0.1875,0.1875,,,
7.22677302360535,0,0.1875,0.1875,0.1875,0.1875,0.1875,0.1875,,,
7.22877597808838,0,0.1875,0.1875,0.1875,0.1875,0.1875,0.1875,,,
7.23077893257141,0,0.1875,0.1875,0.1875,0.1875,0.1875,0.1875,,,
7.23277902603149,0,0.1875,0.1875,0.1875,0.1875,0.1875,0.1875,,,
7.23478198051453,0,0.1875,0.1875,0.1875,0.1875,0.1875,0.1875,,,
7.23678207397461,0,0.1875,0.1875,0.1875,0.1875,0.1875,0.1875,,,
7.23878502845764,0,0.1875,0.1875,0.1875,0.1875,0.1875,0.1875,,,
7.24078798294067,0,0.1875,0.1875,0.1875,0.1875,0.1875,0.1875,,,
7.24278807640076,0,0.1875,0.1875,0.1875,0.1875,0.1875,0.1875,,,
7.24479103088379,0,0.1875,0.1875,0.1875,0.1875,0.1875,0.1875,,,
7.24679112434387,0,0.1875,0.1875,0.1875,0.1875,0.1875,0.1875,,,
7.2487940788269,0,0.1875,0.1875,0.1875,0.1875,0.1875,0.1875,,,
7.25079703330994,0,0.1875,0.1875,0.1875,0.1875,0.1875,0.1875,,,
7.25279712677002,0,0.1875,0.1875,0.1875,0.1875,0.1875,0.1875,,,
7.25480008125305,0,0.1875,0.1875,0.1875,0.1875,0.1875,0.1875,,,
7.25680303573608,0,0.1875,0.1875,0.1875,0.1875,0.1875,0.1875,,,
7.25880312919617,0,0.1875,0.1875,0.1875,0.1875,0.1875,0.1875,,,
7.2608060836792,0,0.1875,0.1875,0.1875,0.1875,0.1875,0.1875,,,
7.2628059387207,0,0.1875,0.1875,0.1875,0.1875,0.1875,0.1875,,,
7.26480913162231,0,0.1875,0.1875,0.1875,0.1875,0.1875,0.1875,,,
7.26680898666382,0,0.1875,0.1875,0.1875,0.1875,0.1875,0.1875,,,
7.26881194114685,0,0.1875,0.1875,0.1875,0.1875,0.1875,0.1875,,,
7.27081513404846,0,0.1875,0.1875,0.1875,0.1875,0.1875,0.1875,,,
7.27281498908997,0,0.1875,0.1875,0.1875,0.1875,0.1875,0.1875,,,
7.274817943573,0,0.1875,0.1875,0.1875,0.1875,0.1875,0.1875,,,
7.27681803703308,0,0.1875,0.1875,0.1875,0.1875,0.1875,0.1875,,,
7.27882099151611,0,0.1875,0.1875,0.1875,0.1875,0.1875,0.1875,,,
7.28082394599915,0,0.1875,0.1875,0.1875,0.1875,0.1875,0.1875,,,
7.28282403945923,0,0.1875,0.1875,0.1875,0.1875,0.1875,0.1875,,,
7.28482699394226,0,0.1875,0.1875,0.1875,0.1875,0.1875,0.1875,,,
7.28682994842529,0,0.1875,0.1875,0.1875,0.1875,0.1875,0.1875,,,
7.28883004188538,0,0.1875,0.1875,0.1875,0.1875,0.1875,0.1875,,,
7.29083299636841,0,0.1875,0.1875,0.1875,0.1875,0.1875,0.1875,,,
7.29283595085144,0,0.1875,0.1875,0.1875,0.1875,0.1875,0.1875,,,
7.29483604431152,0,0.1875,0.1875,0.1875,0.1875,0.1875,0.1875,,,
7.29683899879456,0,0.1875,0.1875,0.1875,0.1875,0.1875,0.1875,,,
7.29883909225464,0,0.1875,0.1875,0.1875,0.1875,0.1875,0.1875,,,
7.30084204673767,0,0.1875,0.1875,0.1875,0.1875,0.1875,0.1875,,,
7.3028450012207,0,0.1875,0.1875,0.1875,0.1875,0.1875,0.1875,,,
7.30484509468079,0,0.1875,0.1875,0.1875,0.1875,0.1875,0.1875,,,
7.30684804916382,0,0.1875,0.1875,0.1875,0.1875,0.1875,0.1875,,,
7.30885100364685,0,0.1875,0.1875,0.1875,0.1875,0.1875,0.1875,,,
7.31085109710693,0,0.1875,0.1875,0.1875,0.1875,0.1875,0.1875,,,
7.31285405158997,0,0.1875,0.1875,0.1875,0.1875,0.1875,0.1875,,,
7.31485390663147,0,0.1875,0.1875,0.1875,0.1875,0.1875,0.1875,,,
7.31685709953308,0,0.1875,0.1875,0.1875,0.1875,0.1875,0.1875,,,
7.3188579082489,0,0.1875,0.1875,0.1875,0.1875,0.1875,0.1875,,,
7.32086110115051,0,0.1875,0.1875,0.1875,0.1875,0.1875,0.1875,,,
7.32286310195923,0,0.1875,0.1875,0.1875,0.1875,0.1875,0.1875,,,
7.32486391067505,0,0.1875,0.1875,0.1875,0.1875,0.1875,0.1875,,,
7.32686591148376,0,0.1875,0.1875,0.1875,0.1875,0.1875,0.1875,,,
7.32886910438538,0,0.1875,0.1875,0.1875,0.1875,0.1875,0.1875,,,
7.3308699131012,0,0.1875,0.1875,0.1875,0.1875,0.1875,0.1875,,,
7.33287191390991,0,0.1875,0.1875,0.1875,0.1875,0.1875,0.1875,,,
7.33487296104431,0,0.1875,0.1875,0.1875,0.1875,0.1875,0.1875,,,
7.33687591552734,0,0.1875,0.1875,0.1875,0.1875,0.1875,0.1875,,,
7.33887791633606,0,0.1875,0.1875,0.1875,0.1875,0.1875,0.1875,,,
7.34087896347046,0,0.1875,0.1875,0.1875,0.1875,0.1875,0.1875,,,
7.34288191795349,0,0.1875,0.1875,0.1875,0.1875,0.1875,0.1875,,,
7.34488201141357,0,0.1875,0.1875,0.1875,0.1875,0.1875,0.1875,,,
7.34688496589661,0,0.1875,0.1875,0.1875,0.1875,0.1875,0.1875,,,
7.34888792037964,0,0.1875,0.1875,0.1875,0.1875,0.1875,0.1875,,,
7.35088801383972,0,0.1875,0.1875,0.1875,0.1875,0.1875,0.1875,,,
7.35289096832275,0,0.1875,0.1875,0.1875,0.1875,0.1875,0.1875,,,
7.35489296913147,0,0.1875,0.1875,0.1875,0.1875,0.1875,0.1875,,,
7.35689401626587,0,0.1875,0.1875,0.1875,0.1875,0.1875,0.1875,,,
7.35889601707459,0,0.1875,0.1875,0.1875,0.1875,0.1875,0.1875,,,
7.36089706420898,0,0.1875,0.1875,0.1875,0.1875,0.1875,0.1875,,,
7.36290001869202,0,0.1875,0.1875,0.1875,0.1875,0.1875,0.1875,,,
7.36490201950073,0,0.1875,0.1875,0.1875,0.1875,0.1875,0.1875,,,
7.36690306663513,0,0.1875,0.1875,0.1875,0.1875,0.1875,0.1875,,,
7.36890506744385,0,0.1875,0.1875,0.1875,0.1875,0.1875,0.1875,,,
7.37090802192688,0,0.1875,0.1875,0.1875,0.1875,0.1875,0.1875,,,
7.37290811538696,0,0.1875,0.1875,0.1875,0.1875,0.1875,0.1875,,,
7.37491106987,0,0.1875,0.1875,0.1875,0.1875,0.1875,0.1875,,,
7.37691402435303,0,0.1875,0.1875,0.1875,0.1875,0.1875,0.1875,,,
7.37891411781311,0,0.1875,0.1875,0.1875,0.1875,0.1875,0.1875,,,
7.38091707229614,0,0.1875,0.1875,0.1875,0.1875,0.1875,0.1875,,,
7.38291811943054,0,0.1875,0.1875,0.1875,0.1875,0.1875,0.1875,,,
7.38492012023926,0,0.1875,0.1875,0.1875,0.1875,0.1875,0.1875,,,
7.38692307472229,0,0.1875,0.1875,0.1875,0.1875,0.1875,0.1875,,,
7.38892292976379,0,0.1875,0.1875,0.1875,0.1875,0.1875,0.1875,,,
7.39092612266541,0,0.1875,0.1875,0.1875,0.1875,0.1875,0.1875,,,
7.39292907714844,0,0.1875,0.1875,0.1875,0.1875,0.1875,0.1875,,,
7.39492893218994,0,0.1875,0.1875,0.1875,0.1875,0.1875,0.1875,,,
7.39693212509155,0,0.1875,0.1875,0.1875,0.1875,0.1875,0.1875,,,
7.39893293380737,0,0.1875,0.1875,0.1875,0.1875,0.1875,0.1875,,,
7.40093493461609,0,0.1875,0.1875,0.1875,0.1875,0.1875,0.1875,,,
7.4029381275177,0,0.1875,0.1875,0.1875,0.1875,0.1875,0.1875,,,
7.4049379825592,0,0.1875,0.1875,0.1875,0.1875,0.1875,0.1875,,,
7.40694093704224,0,0.1875,0.1875,0.1875,0.1875,0.1875,0.1875,,,
7.40894103050232,0,0.1875,0.1875,0.1875,0.1875,0.1875,0.1875,,,
7.41094398498535,0,0.1875,0.1875,0.1875,0.1875,0.1875,0.1875,,,
7.41294693946838,0,0.1875,0.1875,0.1875,0.1875,0.1875,0.1875,,,
7.41494703292847,0,0.1875,0.1875,0.1875,0.1875,0.1875,0.1875,,,
7.4169499874115,0,0.1875,0.1875,0.1875,0.1875,0.1875,0.1875,,,
7.4189510345459,0,0.1875,0.1875,0.1875,0.1875,0.1875,0.1875,,,
7.42095303535461,0,0.1875,0.1875,0.1875,0.1875,0.1875,0.1875,,,
7.42295598983765,0,0.1875,0.1875,0.1875,0.1875,0.1875,0.1875,,,
7.42495608329773,0,0.1875,0.1875,0.1875,0.1875,0.1875,0.1875,,,
7.42695903778076,0,0.1875,0.1875,0.1875,0.1875,0.1875,0.1875,,,
7.42896008491516,0,0.1875,0.1875,0.1875,0.1875,0.1875,0.1875,,,
7.43096208572388,0,0.1875,0.1875,0.1875,0.1875,0.1875,0.1875,,,
7.43296504020691,0,0.1875,0.1875,0.1875,0.1875,0.1875,0.1875,,,
7.43496513366699,0,0.1875,0.1875,0.1875,0.1875,0.1875,0.1875,,,
7.43696808815002,0,0.1875,0.1875,0.1875,0.1875,0.1875,0.1875,,,
7.43897104263306,0,0.1875,0.1875,0.1875,0.1875,0.1875,0.1875,,,
7.44097304344177,0,0.1875,0.1875,0.1875,0.1875,0.1875,0.1875,,,
7.44297313690186,0,0.1875,0.1875,0.1875,0.1875,0.1875,0.1875,,,
7.44497513771057,0,0.1875,0.1875,0.1875,0.1875,0.1875,0.1875,,,
7.4469780921936,0,0.1875,0.1875,0.1875,0.1875,0.1875,0.1875,,,
7.448979139328,0,0.1875,0.1875,0.1875,0.1875,0.1875,0.1875,,,
7.45098209381104,0,0.1875,0.1875,0.1875,0.1875,0.1875,0.1875,,,
7.45298194885254,0,0.1875,0.1875,0.1875,0.1875,0.1875,0.1875,,,
7.45498514175415,0,0.1875,0.1875,0.1875,0.1875,0.1875,0.1875,,,
7.45698499679565,0,0.1875,0.1875,0.1875,0.1875,0.1875,0.1875,,,
7.45898795127869,0,0.1875,0.1875,0.1875,0.1875,0.1875,0.1875,,,
7.46099090576172,0,0.1875,0.1875,0.1875,0.1875,0.1875,0.1875,,,
7.46299195289612,0,0.1875,0.1875,0.1875,0.1875,0.1875,0.1875,,,
7.46499395370483,0,0.1875,0.1875,0.1875,0.1875,0.1875,0.1875,,,
7.46699500083923,0,0.1875,0.1875,0.1875,0.1875,0.1875,0.1875,,,
7.46899795532227,0,0.1875,0.1875,0.1875,0.1875,0.1875,0.1875,,,
7.4710009098053,0,0.1875,0.1875,0.1875,0.1875,0.1875,0.1875,,,
7.47300100326538,0,0.1875,0.1875,0.1875,0.1875,0.1875,0.1875,,,
7.47508811950684,0,0.1875,0.1875,0.1875,0.1875,0.1875,0.1875,,,
7.47708797454834,0,0.1875,0.1875,0.1875,0.1875,0.1875,0.1875,,,
7.47909092903137,0,0.1875,0.1875,0.1875,0.1875,0.1875,0.1875,,,
7.48109412193298,0,0.1875,0.1875,0.1875,0.1875,0.1875,0.1875,,,
7.4830949306488,0,0.1875,0.1875,0.1875,0.1875,0.1875,0.1875,,,
7.48509502410889,0,0.1875,0.1875,0.1875,0.1875,0.1875,0.1875,,,
7.48709797859192,0,0.1875,0.1875,0.1875,0.1875,0.1875,0.1875,,,
7.48910093307495,0,0.1875,0.1875,0.1875,0.1875,0.1875,0.1875,,,
7.49110102653503,0,0.1875,0.1875,0.1875,0.1875,0.1875,0.1875,,,
7.49310398101807,0,0.1875,0.1875,0.1875,0.1875,0.1875,0.1875,,,
7.4951069355011,0,0.1875,0.1875,0.1875,0.1875,0.1875,0.1875,,,
7.49710702896118,0,0.1875,0.1875,0.1875,0.1875,0.1875,0.1875,,,
7.49910998344421,0,0.1875,0.1875,0.1875,0.1875,0.1875,0.1875,,,
7.50111198425293,0,0.1875,0.1875,0.1875,0.1875,0.1875,0.1875,,,
7.50311207771301,0,0.1875,0.1875,0.1875,0.1875,0.1875,0.1875,,,
7.50511503219604,0,0.1875,0.1875,0.1875,0.1875,0.1875,0.1875,,,
7.50711798667908,0,0.1875,0.1875,0.1875,0.1875,0.1875,0.1875,,,
7.50911808013916,0,0.1875,0.1875,0.1875,0.1875,0.1875,0.1875,,,
7.51112008094788,0,0.1875,0.1875,0.1875,0.1875,0.1875,0.1875,,,
7.51312303543091,0,0.1875,0.1875,0.1875,0.1875,0.1875,0.1875,,,
7.51512408256531,0,0.1875,0.1875,0.1875,0.1875,0.1875,0.1875,,,
7.51712608337402,0,0.1875,0.1875,0.1875,0.1875,0.1875,0.1875,,,
7.51912593841553,0,0.1875,0.1875,0.1875,0.1875,0.1875,0.1875,,,
7.52112913131714,0,0.1875,0.1875,0.1875,0.1875,0.1875,0.1875,,,
7.52313208580017,0,0.1875,0.1875,0.1875,0.1875,0.1875,0.1875,,,
7.52513408660889,0,0.1875,0.1875,0.1875,0.1875,0.1875,0.1875,,,
7.52713513374329,0,0.1875,0.1875,0.1875,0.1875,0.1875,0.1875,,,
7.529137134552,0,0.1875,0.1875,0.1875,0.1875,0.1875,0.1875,,,
7.53113794326782,0,0.1875,0.1875,0.1875,0.1875,0.1875,0.1875,,,
7.53313994407654,0,0.1875,0.1875,0.1875,0.1875,0.1875,0.1875,,,
7.53514313697815,0,0.1875,0.1875,0.1875,0.1875,0.1875,0.1875,,,
7.53714513778687,0,0.1875,0.1875,0.1875,0.1875,0.1875,0.1875,,,
7.53914594650269,0,0.1875,0.1875,0.1875,0.1875,0.1875,0.1875,,,
7.5411479473114,0,0.1875,0.1875,0.1875,0.1875,0.1875,0.1875,,,
7.5431489944458,0,0.1875,0.1875,0.1875,0.1875,0.1875,0.1875,,,
7.54515099525452,0,0.1875,0.1875,0.1875,0.1875,0.1875,0.1875,,,
7.54715394973755,0,0.1875,0.1875,0.1875,0.1875,0.1875,0.1875,,,
7.54915595054626,0,0.1875,0.1875,0.1875,0.1875,0.1875,0.1875,,,
7.55115699768066,0,0.1875,0.1875,0.1875,0.1875,0.1875,0.1875,,,
7.55315899848938,0,0.1875,0.1875,0.1875,0.1875,0.1875,0.1875,,,
7.55516195297241,0,0.1875,0.1875,0.1875,0.1875,0.1875,0.1875,,,
7.5571620464325,0,0.1875,0.1875,0.1875,0.1875,0.1875,0.1875,,,
7.55916500091553,0,0.1875,0.1875,0.1875,0.1875,0.1875,0.1875,,,
7.56116795539856,0,0.1875,0.1875,0.1875,0.1875,0.1875,0.1875,,,
7.56316804885864,0,0.1875,0.1875,0.1875,0.1875,0.1875,0.1875,,,
7.56517100334167,0,0.1875,0.1875,0.1875,0.1875,0.1875,0.1875,,,
7.56717109680176,0,0.1875,0.1875,0.1875,0.1875,0.1875,0.1875,,,
7.56917309761047,0,0.1875,0.1875,0.1875,0.1875,0.1875,0.1875,,,
7.57117605209351,0,0.1875,0.1875,0.1875,0.1875,0.1875,0.1875,,,
7.57317590713501,0,0.1875,0.1875,0.1875,0.1875,0.1875,0.1875,,,
7.57517910003662,0,0.1875,0.1875,0.1875,0.1875,0.1875,0.1875,,,
7.57718110084534,0,0.1875,0.1875,0.1875,0.1875,0.1875,0.1875,,,
7.57918405532837,0,0.1875,0.1875,0.1875,0.1875,0.1875,0.1875,,,
7.58118510246277,0,0.1875,0.1875,0.1875,0.1875,0.1875,0.1875,,,
7.5831880569458,0,0.1875,0.1875,0.1875,0.1875,0.1875,0.1875,,,
7.5851879119873,0,0.1875,0.1875,0.1875,0.1875,0.1875,0.1875,,,
7.58719611167908,0,0.1875,0.1875,0.1875,0.1875,0.1875,0.1875,,,
7.58919811248779,0,0.1875,0.1875,0.1875,0.1875,0.1875,0.1875,,,
7.59119892120361,0,0.1875,0.1875,0.1875,0.1875,0.1875,0.1875,,,
7.5931990146637,0,0.1875,0.1875,0.1875,0.1875,0.1875,0.1875,,,
7.59519910812378,0,0.1875,0.1875,0.1875,0.1875,0.1875,0.1875,,,
7.5971999168396,0,0.1875,0.1875,0.1875,0.1875,0.1875,0.1875,,,
7.59920191764832,0,0.1875,0.1875,0.1875,0.1875,0.1875,0.1875,,,
7.60120296478271,0,0.1875,0.1875,0.1875,0.1875,0.1875,0.1875,,,
7.60320496559143,0,0.1875,0.1875,0.1875,0.1875,0.1875,0.1875,,,
7.60520792007446,0,0.1875,0.1875,0.1875,0.1875,0.1875,0.1875,,,
7.60720801353455,0,0.1875,0.1875,0.1875,0.1875,0.1875,0.1875,,,
7.60921096801758,0,0.1875,0.1875,0.1875,0.1875,0.1875,0.1875,,,
7.61121392250061,0,0.1875,0.1875,0.1875,0.1875,0.1875,0.1875,,,
7.61321401596069,0,0.1875,0.1875,0.1875,0.1875,0.1875,0.1875,,,
7.61521697044373,0,0.1875,0.1875,0.1875,0.1875,0.1875,0.1875,,,
7.61721992492676,0,0.1875,0.1875,0.1875,0.1875,0.1875,0.1875,,,
7.61922001838684,0,0.1875,0.1875,0.1875,0.1875,0.1875,0.1875,,,
7.62122297286987,0,0.1875,0.1875,0.1875,0.1875,0.1875,0.1875,,,
7.62322306632996,0,0.1875,0.1875,0.1875,0.1875,0.1875,0.1875,,,
7.62522602081299,0,0.1875,0.1875,0.1875,0.1875,0.1875,0.1875,,,
7.62722897529602,0,0.1875,0.1875,0.1875,0.1875,0.1875,0.1875,,,
7.6292290687561,0,0.1875,0.1875,0.1875,0.1875,0.1875,0.1875,,,
7.63123202323914,0,0.1875,0.1875,0.1875,0.1875,0.1875,0.1875,,,
7.63323211669922,0,0.1875,0.1875,0.1875,0.1875,0.1875,0.1875,,,
7.63523507118225,0,0.1875,0.1875,0.1875,0.1875,0.1875,0.1875,,,
7.63723802566528,0,0.1875,0.1875,0.1875,0.1875,0.1875,0.1875,,,
7.63923811912537,0,0.1875,0.1875,0.1875,0.1875,0.1875,0.1875,,,
7.6412410736084,0,0.1875,0.1875,0.1875,0.1875,0.1875,0.1875,,,
7.6432421207428,0,0.1875,0.1875,0.1875,0.1875,0.1875,0.1875,,,
7.64524412155151,0,0.1875,0.1875,0.1875,0.1875,0.1875,0.1875,,,
7.64724707603455,0,0.1875,0.1875,0.1875,0.1875,0.1875,0.1875,,,
7.64924693107605,0,0.1875,0.1875,0.1875,0.1875,0.1875,0.1875,,,
7.65125012397766,0,0.1875,0.1875,0.1875,0.1875,0.1875,0.1875,,,
7.65325093269348,0,0.1875,0.1875,0.1875,0.1875,0.1875,0.1875,,,
7.6552529335022,0,0.1875,0.1875,0.1875,0.1875,0.1875,0.1875,,,
7.65725612640381,0,0.1875,0.1875,0.1875,0.1875,0.1875,0.1875,,,
7.65925598144531,0,0.1875,0.1875,0.1875,0.1875,0.1875,0.1875,,,
7.66125893592834,0,0.1875,0.1875,0.1875,0.1875,0.1875,0.1875,,,
7.66326212882996,0,0.1875,0.1875,0.1875,0.1875,0.1875,0.1875,,,
7.66526198387146,0,0.1875,0.1875,0.1875,0.1875,0.1875,0.1875,,,
7.66726493835449,0,0.1875,0.1875,0.1875,0.1875,0.1875,0.1875,,,
7.66926503181458,0,0.1875,0.1875,0.1875,0.1875,0.1875,0.1875,,,
7.67126798629761,0,0.1875,0.1875,0.1875,0.1875,0.1875,0.1875,,,
7.67327094078064,0,0.1875,0.1875,0.1875,0.1875,0.1875,0.1875,,,
7.67527103424072,0,0.1875,0.1875,0.1875,0.1875,0.1875,0.1875,,,
7.67727398872375,0,0.1875,0.1875,0.1875,0.1875,0.1875,0.1875,,,
7.67927694320679,0,0.1875,0.1875,0.1875,0.1875,0.1875,0.1875,,,
7.68127703666687,0,0.1875,0.1875,0.1875,0.1875,0.1875,0.1875,,,
7.6832799911499,0,0.1875,0.1875,0.1875,0.1875,0.1875,0.1875,,,
7.68528294563293,0,0.1875,0.1875,0.1875,0.1875,0.1875,0.1875,,,
7.68728303909302,0,0.1875,0.1875,0.1875,0.1875,0.1875,0.1875,,,
7.68928599357605,0,0.1875,0.1875,0.1875,0.1875,0.1875,0.1875,,,
7.69128608703613,0,0.1875,0.1875,0.1875,0.1875,0.1875,0.1875,,,
7.69328904151917,0,0.1875,0.1875,0.1875,0.1875,0.1875,0.1875,,,
7.6952919960022,0,0.1875,0.1875,0.1875,0.1875,0.1875,0.1875,,,
7.69729208946228,0,0.1875,0.1875,0.1875,0.1875,0.1875,0.1875,,,
7.69929504394531,0,0.1875,0.1875,0.1875,0.1875,0.1875,0.1875,,,
7.70129799842834,0,0.1875,0.1875,0.1875,0.1875,0.1875,0.1875,,,
7.70329809188843,0,0.1875,0.1875,0.1875,0.1875,0.1875,0.1875,,,
7.70530104637146,0,0.1875,0.1875,0.1875,0.1875,0.1875,0.1875,,,
7.70730113983154,0,0.1875,0.1875,0.1875,0.1875,0.1875,0.1875,,,
7.70930409431458,0,0.1875,0.1875,0.1875,0.1875,0.1875,0.1875,,,
7.71130514144897,0,0.1875,0.1875,0.1875,0.1875,0.1875,0.1875,,,
7.71330690383911,0,0.1875,0.1875,0.1875,0.1875,0.1875,0.1875,,,
7.71531009674072,0,0.1875,0.1875,0.1875,0.1875,0.1875,0.1875,,,
7.71731090545654,0,0.1875,0.1875,0.1875,0.1875,0.1875,0.1875,,,
7.71931290626526,0,0.1875,0.1875,0.1875,0.1875,0.1875,0.1875,,,
7.72131609916687,0,0.1875,0.1875,0.1875,0.1875,0.1875,0.1875,,,
7.72331690788269,0,0.1875,0.1875,0.1875,0.1875,0.1875,0.1875,,,
7.7253201007843,0,0.1875,0.1875,0.1875,0.1875,0.1875,0.1875,,,
7.72731995582581,0,0.1875,0.1875,0.1875,0.1875,0.1875,0.1875,,,
7.72932291030884,0,0.1875,0.1875,0.1875,0.1875,0.1875,0.1875,,,
7.73132610321045,0,0.1875,0.1875,0.1875,0.1875,0.1875,0.1875,,,
7.73332595825195,0,0.1875,0.1875,0.1875,0.1875,0.1875,0.1875,,,
7.73532891273499,0,0.1875,0.1875,0.1875,0.1875,0.1875,0.1875,,,
7.7373309135437,0,0.1875,0.1875,0.1875,0.1875,0.1875,0.1875,,,
7.7393319606781,0,0.1875,0.1875,0.1875,0.1875,0.1875,0.1875,,,
7.74133491516113,0,0.1875,0.1875,0.1875,0.1875,0.1875,0.1875,,,
7.74333500862122,0,0.1875,0.1875,0.1875,0.1875,0.1875,0.1875,,,
7.74533796310425,0,0.1875,0.1875,0.1875,0.1875,0.1875,0.1875,,,
7.74733996391296,0,0.1875,0.1875,0.1875,0.1875,0.1875,0.1875,,,
7.74934101104736,0,0.1875,0.1875,0.1875,0.1875,0.1875,0.1875,,,
7.75134301185608,0,0.1875,0.1875,0.1875,0.1875,0.1875,0.1875,,,
7.75334596633911,0,0.1875,0.1875,0.1875,0.1875,0.1875,0.1875,,,
7.75534701347351,0,0.1875,0.1875,0.1875,0.1875,0.1875,0.1875,,,
7.75734901428223,0,0.1875,0.1875,0.1875,0.1875,0.1875,0.1875,,,
7.75935006141663,0,0.1875,0.1875,0.1875,0.1875,0.1875,0.1875,,,
7.76135301589966,0,0.1875,0.1875,0.1875,0.1875,0.1875,0.1875,,,
7.76335501670837,0,0.1875,0.1875,0.1875,0.1875,0.1875,0.1875,,,
7.76535606384277,0,0.1875,0.1875,0.1875,0.1875,0.1875,0.1875,,,
7.76735901832581,0,0.1875,0.1875,0.1875,0.1875,0.1875,0.1875,,,
7.76936101913452,0,0.1875,0.1875,0.1875,0.1875,0.1875,0.1875,,,
7.77136206626892,0,0.1875,0.1875,0.1875,0.1875,0.1875,0.1875,,,
7.77336502075195,0,0.1875,0.1875,0.1875,0.1875,0.1875,0.1875,,,
7.77536511421204,0,0.1875,0.1875,0.1875,0.1875,0.1875,0.1875,,,
7.77736806869507,0,0.1875,0.1875,0.1875,0.1875,0.1875,0.1875,,,
7.77937006950378,0,0.1875,0.1875,0.1875,0.1875,0.1875,0.1875,,,
7.78137111663818,0,0.1875,0.1875,0.1875,0.1875,0.1875,0.1875,,,
7.78337407112122,0,0.1875,0.1875,0.1875,0.1875,0.1875,0.1875,,,
7.78537392616272,0,0.1875,0.1875,0.1875,0.1875,0.1875,0.1875,,,
7.78737711906433,0,0.1875,0.1875,0.1875,0.1875,0.1875,0.1875,,,
7.78938007354736,0,0.1875,0.1875,0.1875,0.1875,0.1875,0.1875,,,
7.79137992858887,0,0.1875,0.1875,0.1875,0.1875,0.1875,0.1875,,,
7.79338312149048,0,0.1875,0.1875,0.1875,0.1875,0.1875,0.1875,,,
7.79538297653198,0,0.1875,0.1875,0.1875,0.1875,0.1875,0.1875,,,
7.79738593101501,0,0.1875,0.1875,0.1875,0.1875,0.1875,0.1875,,,
7.79938912391663,0,0.1875,0.1875,0.1875,0.1875,0.1875,0.1875,,,
7.80138897895813,0,0.1875,0.1875,0.1875,0.1875,0.1875,0.1875,,,
7.80339193344116,0,0.1875,0.1875,0.1875,0.1875,0.1875,0.1875,,,
7.80539393424988,0,0.1875,0.1875,0.1875,0.1875,0.1875,0.1875,,,
7.80739498138428,0,0.1875,0.1875,0.1875,0.1875,0.1875,0.1875,,,
7.80939793586731,0,0.1875,0.1875,0.1875,0.1875,0.1875,0.1875,,,
7.81139993667603,0,0.1875,0.1875,0.1875,0.1875,0.1875,0.1875,,,
7.81340098381042,0,0.1875,0.1875,0.1875,0.1875,0.1875,0.1875,,,
7.81540298461914,0,0.1875,0.1875,0.1875,0.1875,0.1875,0.1875,,,
7.81740593910217,0,0.1875,0.1875,0.1875,0.1875,0.1875,0.1875,,,
7.81940603256226,0,0.1875,0.1875,0.1875,0.1875,0.1875,0.1875,,,
7.82140898704529,0,0.1875,0.1875,0.1875,0.1875,0.1875,0.1875,,,
7.82341003417969,0,0.1875,0.1875,0.1875,0.1875,0.1875,0.1875,,,
7.8254120349884,0,0.1875,0.1875,0.1875,0.1875,0.1875,0.1875,,,
7.82741498947144,0,0.1875,0.1875,0.1875,0.1875,0.1875,0.1875,,,
7.82941508293152,0,0.1875,0.1875,0.1875,0.1875,0.1875,0.1875,,,
7.83141803741455,0,0.1875,0.1875,0.1875,0.1875,0.1875,0.1875,,,
7.83342099189758,0,0.1875,0.1875,0.1875,0.1875,0.1875,0.1875,,,
7.83542108535767,0,0.1875,0.1875,0.1875,0.1875,0.1875,0.1875,,,
7.8374240398407,0,0.1875,0.1875,0.1875,0.1875,0.1875,0.1875,,,
7.83942413330078,0,0.1875,0.1875,0.1875,0.1875,0.1875,0.1875,,,
7.84142708778381,0,0.1875,0.1875,0.1875,0.1875,0.1875,0.1875,,,
7.84343004226685,0,0.1875,0.1875,0.1875,0.1875,0.1875,0.1875,,,
7.84543013572693,0,0.1875,0.1875,0.1875,0.1875,0.1875,0.1875,,,
7.84743309020996,0,0.1875,0.1875,0.1875,0.1875,0.1875,0.1875,,,
7.84943413734436,0,0.1875,0.1875,0.1875,0.1875,0.1875,0.1875,,,
7.85143613815308,0,0.1875,0.1875,0.1875,0.1875,0.1875,0.1875,,,
7.85343909263611,0,0.1875,0.1875,0.1875,0.1875,0.1875,0.1875,,,
7.85543894767761,0,0.1875,0.1875,0.1875,0.1875,0.1875,0.1875,,,
7.85744214057922,0,0.1875,0.1875,0.1875,0.1875,0.1875,0.1875,,,
7.85944509506226,0,0.1875,0.1875,0.1875,0.1875,0.1875,0.1875,,,
7.86144495010376,0,0.1875,0.1875,0.1875,0.1875,0.1875,0.1875,,,
7.86344790458679,0,0.1875,0.1875,0.1875,0.1875,0.1875,0.1875,,,
7.8654510974884,0,0.1875,0.1875,0.1875,0.1875,0.1875,0.1875,,,
7.86745095252991,0,0.1875,0.1875,0.1875,0.1875,0.1875,0.1875,,,
7.86945390701294,0,0.1875,0.1875,0.1875,0.1875,0.1875,0.1875,,,
7.87145709991455,0,0.1875,0.1875,0.1875,0.1875,0.1875,0.1875,,,
7.87345695495605,0,0.1875,0.1875,0.1875,0.1875,0.1875,0.1875,,,
7.87545990943909,0,0.1875,0.1875,0.1875,0.1875,0.1875,0.1875,,,
7.87746000289917,0,0.1875,0.1875,0.1875,0.1875,0.1875,0.1875,,,
7.8794629573822,0,0.1875,0.1875,0.1875,0.1875,0.1875,0.1875,,,
7.88146591186523,0,0.1875,0.1875,0.1875,0.1875,0.1875,0.1875,,,
7.88346600532532,0,0.1875,0.1875,0.1875,0.1875,0.1875,0.1875,,,
7.88546895980835,0,0.1875,0.1875,0.1875,0.1875,0.1875,0.1875,,,
7.88747191429138,0,0.1875,0.1875,0.1875,0.1875,0.1875,0.1875,,,
7.88947200775146,0,0.1875,0.1875,0.1875,0.1875,0.1875,0.1875,,,
7.8914749622345,0,0.1875,0.1875,0.1875,0.1875,0.1875,0.1875,,,
7.89347505569458,0,0.1875,0.1875,0.1875,0.1875,0.1875,0.1875,,,
7.89547801017761,0,0.1875,0.1875,0.1875,0.1875,0.1875,0.1875,,,
7.89748096466064,0,0.1875,0.1875,0.1875,0.1875,0.1875,0.1875,,,
7.89948105812073,0,0.1875,0.1875,0.1875,0.1875,0.1875,0.1875,,,
7.90148401260376,0,0.1875,0.1875,0.1875,0.1875,0.1875,0.1875,,,
7.90348601341248,0,0.1875,0.1875,0.1875,0.1875,0.1875,0.1875,,,
7.90548706054688,0,0.1875,0.1875,0.1875,0.1875,0.1875,0.1875,,,
7.90748906135559,0,0.1875,0.1875,0.1875,0.1875,0.1875,0.1875,,,
7.90949201583862,0,0.1875,0.1875,0.1875,0.1875,0.1875,0.1875,,,
7.91149306297302,0,0.1875,0.1875,0.1875,0.1875,0.1875,0.1875,,,
7.91349506378174,0,0.1875,0.1875,0.1875,0.1875,0.1875,0.1875,,,
7.91549611091614,0,0.1875,0.1875,0.1875,0.1875,0.1875,0.1875,,,
7.91749906539917,0,0.1875,0.1875,0.1875,0.1875,0.1875,0.1875,,,
7.91950106620789,0,0.1875,0.1875,0.1875,0.1875,0.1875,0.1875,,,
7.92150211334229,0,0.1875,0.1875,0.1875,0.1875,0.1875,0.1875,,,
7.92350506782532,0,0.1875,0.1875,0.1875,0.1875,0.1875,0.1875,,,
7.92550492286682,0,0.1875,0.1875,0.1875,0.1875,0.1875,0.1875,,,
7.92750811576843,0,0.1875,0.1875,0.1875,0.1875,0.1875,0.1875,,,
7.92951011657715,0,0.1875,0.1875,0.1875,0.1875,0.1875,0.1875,,,
7.93151092529297,0,0.1875,0.1875,0.1875,0.1875,0.1875,0.1875,,,
7.93351292610168,0,0.1875,0.1875,0.1875,0.1875,0.1875,0.1875,,,
7.9355161190033,0,0.1875,0.1875,0.1875,0.1875,0.1875,0.1875,,,
7.9375159740448,0,0.1875,0.1875,0.1875,0.1875,0.1875,0.1875,,,
7.93951892852783,0,0.1875,0.1875,0.1875,0.1875,0.1875,0.1875,,,
7.94152212142944,0,0.1875,0.1875,0.1875,0.1875,0.1875,0.1875,,,
7.94352197647095,0,0.1875,0.1875,0.1875,0.1875,0.1875,0.1875,,,
7.94552493095398,0,0.1875,0.1875,0.1875,0.1875,0.1875,0.1875,,,
7.94752812385559,0,0.1875,0.1875,0.1875,0.1875,0.1875,0.1875,,,
7.94952797889709,0,0.1875,0.1875,0.1875,0.1875,0.1875,0.1875,,,
7.95153093338013,0,0.1875,0.1875,0.1875,0.1875,0.1875,0.1875,,,
7.95353412628174,0,0.1875,0.1875,0.1875,0.1875,0.1875,0.1875,,,
7.95553398132324,0,0.1875,0.1875,0.1875,0.1875,0.1875,0.1875,,,
7.95753693580627,0,0.1875,0.1875,0.1875,0.1875,0.1875,0.1875,,,
7.95954012870789,0,0.1875,0.1875,0.1875,0.1875,0.1875,0.1875,,,
7.96153998374939,0,0.1875,0.1875,0.1875,0.1875,0.1875,0.1875,,,
7.96354293823242,0,0.1875,0.1875,0.1875,0.1875,0.1875,0.1875,,,
7.96554613113403,0,0.1875,0.1875,0.1875,0.1875,0.1875,0.1875,,,
7.96754598617554,0,0.1875,0.1875,0.1875,0.1875,0.1875,0.1875,,,
7.96954894065857,0,0.1875,0.1875,0.1875,0.1875,0.1875,0.1875,,,
7.97154903411865,0,0.1875,0.1875,0.1875,0.1875,0.1875,0.1875,,,
7.97355198860168,0,0.1875,0.1875,0.1875,0.1875,0.1875,0.1875,,,
7.97555494308472,0,0.1875,0.1875,0.1875,0.1875,0.1875,0.1875,,,
7.9775550365448,0,0.1875,0.1875,0.1875,0.1875,0.1875,0.1875,,,
7.97955799102783,0,0.1875,0.1875,0.1875,0.1875,0.1875,0.1875,,,
7.98155999183655,0,0.1875,0.1875,0.1875,0.1875,0.1875,0.1875,,,
7.98356103897095,0,0.1875,0.1875,0.1875,0.1875,0.1875,0.1875,,,
7.98556303977966,0,0.1875,0.1875,0.1875,0.1875,0.1875,0.1875,,,
7.98736810684204,0,0.1875,0.1875,0.1875,0.1875,0.1875,0.1875,,,
7.98936796188354,0,0.1875,0.1875,0.1875,0.1875,0.1875,0.1875,,,
7.99137091636658,0,0.1875,0.1875,0.1875,0.1875,0.1875,0.1875,,,
7.99337410926819,0,0.1875,0.1875,0.1875,0.1875,0.1875,0.1875,,,
7.99537396430969,0,0.1875,0.1875,0.1875,0.1875,0.1875,0.1875,,,
7.99737691879272,0,0.1875,0.1875,0.1875,0.1875,0.1875,0.1875,,,
7.99937701225281,0,0.1875,0.1875,0.1875,0.1875,0.1875,0.1875,,,
8.00137996673584,0,0.1875,0.1875,0.1875,0.1875,0.1875,0.1875,,,
8.00338292121887,0,0.1875,0.1875,0.1875,0.1875,0.1875,0.1875,,,
8.00538301467896,0,0.1875,0.1875,0.1875,0.1875,0.1875,0.1875,,,
8.00738596916199,0,0.1875,0.1875,0.1875,0.1875,0.1875,0.1875,,,
8.00938606262207,0,0.1875,0.1875,0.1875,0.1875,0.1875,0.1875,,,
8.0113890171051,0,0.1875,0.1875,0.1875,0.1875,0.1875,0.1875,,,
8.01339197158813,0,0.1875,0.1875,0.1875,0.1875,0.1875,0.1875,,,
8.01539206504822,0,0.1875,0.1875,0.1875,0.1875,0.1875,0.1875,,,
8.01739501953125,0,0.1875,0.1875,0.1875,0.1875,0.1875,0.1875,,,
8.01939797401428,0,0.1875,0.1875,0.1875,0.1875,0.1875,0.1875,,,
8.02139806747437,0,0.1875,0.1875,0.1875,0.1875,0.1875,0.1875,,,
8.0234010219574,0,0.1875,0.1875,0.1875,0.1875,0.1875,0.1875,,,
8.02540302276611,0,0.1875,0.1875,0.1875,0.1875,0.1875,0.1875,,,
8.02740406990051,0,0.1875,0.1875,0.1875,0.1875,0.1875,0.1875,,,
8.02940607070923,0,0.1875,0.1875,0.1875,0.1875,0.1875,0.1875,,,
8.03140902519226,0,0.1875,0.1875,0.1875,0.1875,0.1875,0.1875,,,
8.03341007232666,0,0.1875,0.1875,0.1875,0.1875,0.1875,0.1875,,,
8.03541207313538,0,0.1875,0.1875,0.1875,0.1875,0.1875,0.1875,,,
8.03741312026978,0,0.1875,0.1875,0.1875,0.1875,0.1875,0.1875,,,
8.03941512107849,0,0.1875,0.1875,0.1875,0.1875,0.1875,0.1875,,,
8.04141807556152,0,0.1875,0.1875,0.1875,0.1875,0.1875,0.1875,,,
8.04341793060303,0,0.1875,0.1875,0.1875,0.1875,0.1875,0.1875,,,
8.04542112350464,0,0.1875,0.1875,0.1875,0.1875,0.1875,0.1875,,,
8.04742407798767,0,0.1875,0.1875,0.1875,0.1875,0.1875,0.1875,,,
8.04942393302917,0,0.1875,0.1875,0.1875,0.1875,0.1875,0.1875,,,
8.05142712593079,0,0.1875,0.1875,0.1875,0.1875,0.1875,0.1875,,,
8.05343008041382,0,0.1875,0.1875,0.1875,0.1875,0.1875,0.1875,,,
8.05542993545532,0,0.1875,0.1875,0.1875,0.1875,0.1875,0.1875,,,
8.05743312835693,0,0.1875,0.1875,0.1875,0.1875,0.1875,0.1875,,,
8.05943298339844,0,0.1875,0.1875,0.1875,0.1875,0.1875,0.1875,,,
8.06143593788147,0,0.1875,0.1875,0.1875,0.1875,0.1875,0.1875,,,
8.06343913078308,0,0.1875,0.1875,0.1875,0.1875,0.1875,0.1875,,,
8.06543898582459,0,0.1875,0.1875,0.1875,0.1875,0.1875,0.1875,,,
8.06744194030762,0,0.1875,0.1875,0.1875,0.1875,0.1875,0.1875,,,
8.0694420337677,0,0.1875,0.1875,0.1875,0.1875,0.1875,0.1875,,,
8.07144498825073,0,0.1875,0.1875,0.1875,0.1875,0.1875,0.1875,,,
8.07344794273376,0,0.1875,0.1875,0.1875,0.1875,0.1875,0.1875,,,
8.07544803619385,0,0.1875,0.1875,0.1875,0.1875,0.1875,0.1875,,,
8.07745099067688,0,0.1875,0.1875,0.1875,0.1875,0.1875,0.1875,,,
8.07945108413696,0,0.1875,0.1875,0.1875,0.1875,0.1875,0.1875,,,
8.08145403862,0,0.1875,0.1875,0.1875,0.1875,0.1875,0.1875,,,
8.08345699310303,0,0.1875,0.1875,0.1875,0.1875,0.1875,0.1875,,,
8.08545804023743,0,0.1875,0.1875,0.1875,0.1875,0.1875,0.1875,,,
8.08746004104614,0,0.1875,0.1875,0.1875,0.1875,0.1875,0.1875,,,
8.08946108818054,0,0.1875,0.1875,0.1875,0.1875,0.1875,0.1875,,,
8.09146308898926,0,0.1875,0.1875,0.1875,0.1875,0.1875,0.1875,,,
8.09346604347229,0,0.1875,0.1875,0.1875,0.1875,0.1875,0.1875,,,
8.09546709060669,0,0.1875,0.1875,0.1875,0.1875,0.1875,0.1875,,,
8.09746909141541,0,0.1875,0.1875,0.1875,0.1875,0.1875,0.1875,,,
8.09947204589844,0,0.1875,0.1875,0.1875,0.1875,0.1875,0.1875,,,
8.10147213935852,0,0.1875,0.1875,0.1875,0.1875,0.1875,0.1875,,,
8.10347509384155,0,0.1875,0.1875,0.1875,0.1875,0.1875,0.1875,,,
8.10547804832459,0,0.1875,0.1875,0.1875,0.1875,0.1875,0.1875,,,
8.10747814178467,0,0.1875,0.1875,0.1875,0.1875,0.1875,0.1875,,,
8.1094810962677,0,0.1875,0.1875,0.1875,0.1875,0.1875,0.1875,,,
8.11148405075073,0,0.1875,0.1875,0.1875,0.1875,0.1875,0.1875,,,
8.11348390579224,0,0.1875,0.1875,0.1875,0.1875,0.1875,0.1875,,,
8.11548709869385,0,0.1875,0.1875,0.1875,0.1875,0.1875,0.1875,,,
8.11749005317688,0,0.1875,0.1875,0.1875,0.1875,0.1875,0.1875,,,
8.11948990821838,0,0.1875,0.1875,0.1875,0.1875,0.1875,0.1875,,,
8.12149310112,0,0.1875,0.1875,0.1875,0.1875,0.1875,0.1875,,,
8.1234929561615,0,0.1875,0.1875,0.1875,0.1875,0.1875,0.1875,,,
8.12549591064453,0,0.1875,0.1875,0.1875,0.1875,0.1875,0.1875,,,
8.12749791145325,0,0.1875,0.1875,0.1875,0.1875,0.1875,0.1875,,,
8.12949895858765,0,0.1875,0.1875,0.1875,0.1875,0.1875,0.1875,,,
8.13150095939636,0,0.1875,0.1875,0.1875,0.1875,0.1875,0.1875,,,
8.13350391387939,0,0.1875,0.1875,0.1875,0.1875,0.1875,0.1875,,,
8.13550496101379,0,0.1875,0.1875,0.1875,0.1875,0.1875,0.1875,,,
8.13750696182251,0,0.1875,0.1875,0.1875,0.1875,0.1875,0.1875,,,
8.13950991630554,0,0.1875,0.1875,0.1875,0.1875,0.1875,0.1875,,,
8.14151000976563,0,0.1875,0.1875,0.1875,0.1875,0.1875,0.1875,,,
8.14351296424866,0,0.1875,0.1875,0.1875,0.1875,0.1875,0.1875,,,
8.14551591873169,0,0.1875,0.1875,0.1875,0.1875,0.1875,0.1875,,,
8.14751601219177,0,0.1875,0.1875,0.1875,0.1875,0.1875,0.1875,,,
8.1495189666748,0,0.1875,0.1875,0.1875,0.1875,0.1875,0.1875,,,
8.15152192115784,0,0.1875,0.1875,0.1875,0.1875,0.1875,0.1875,,,
8.15352201461792,0,0.1875,0.1875,0.1875,0.1875,0.1875,0.1875,,,
8.15552496910095,0,0.1875,0.1875,0.1875,0.1875,0.1875,0.1875,,,
8.15752506256104,0,0.1875,0.1875,0.1875,0.1875,0.1875,0.1875,,,
8.15952801704407,0,0.1875,0.1875,0.1875,0.1875,0.1875,0.1875,,,
8.1615309715271,0,0.1875,0.1875,0.1875,0.1875,0.1875,0.1875,,,
8.16353106498718,0,0.1875,0.1875,0.1875,0.1875,0.1875,0.1875,,,
8.16553401947021,0,0.1875,0.1875,0.1875,0.1875,0.1875,0.1875,,,
8.16753697395325,0,0.1875,0.1875,0.1875,0.1875,0.1875,0.1875,,,
8.16953706741333,0,0.1875,0.1875,0.1875,0.1875,0.1875,0.1875,,,
8.17154002189636,0,0.1875,0.1875,0.1875,0.1875,0.1875,0.1875,,,
8.17354297637939,0,0.1875,0.1875,0.1875,0.1875,0.1875,0.1875,,,
8.17554306983948,0,0.1875,0.1875,0.1875,0.1875,0.1875,0.1875,,,
8.17754602432251,0,0.1875,0.1875,0.1875,0.1875,0.1875,0.1875,,,
8.17954611778259,0,0.1875,0.1875,0.1875,0.1875,0.1875,0.1875,,,
8.18154907226563,0,0.1875,0.1875,0.1875,0.1875,0.1875,0.1875,,,
8.18355202674866,0,0.1875,0.1875,0.1875,0.1875,0.1875,0.1875,,,
8.18555212020874,0,0.1875,0.1875,0.1875,0.1875,0.1875,0.1875,,,
8.18755507469177,0,0.1875,0.1875,0.1875,0.1875,0.1875,0.1875,,,
8.1895580291748,0,0.1875,0.1875,0.1875,0.1875,0.1875,0.1875,,,
8.19155812263489,0,0.1875,0.1875,0.1875,0.1875,0.1875,0.1875,,,
8.19356107711792,0,0.1875,0.1875,0.1875,0.1875,0.1875,0.1875,,,
8.19556093215942,0,0.1875,0.1875,0.1875,0.1875,0.1875,0.1875,,,
8.19756412506104,0,0.1875,0.1875,0.1875,0.1875,0.1875,0.1875,,,
8.19956707954407,0,0.1875,0.1875,0.1875,0.1875,0.1875,0.1875,,,
8.20156693458557,0,0.1875,0.1875,0.1875,0.1875,0.1875,0.1875,,,
8.20357012748718,0,0.1875,0.1875,0.1875,0.1875,0.1875,0.1875,,,
8.20556998252869,0,0.1875,0.1875,0.1875,0.1875,0.1875,0.1875,,,
8.20757293701172,0,0.1875,0.1875,0.1875,0.1875,0.1875,0.1875,,,
8.20957612991333,0,0.1875,0.1875,0.1875,0.1875,0.1875,0.1875,,,
8.21157598495483,0,0.1875,0.1875,0.1875,0.1875,0.1875,0.1875,,,
8.21357893943787,0,0.1875,0.1875,0.1875,0.1875,0.1875,0.1875,,,
8.21558213233948,0,0.1875,0.1875,0.1875,0.1875,0.1875,0.1875,,,
8.21758198738098,0,0.1875,0.1875,0.1875,0.1875,0.1875,0.1875,,,
8.21958494186401,0,0.1875,0.1875,0.1875,0.1875,0.1875,0.1875,,,
8.22158813476563,0,0.1875,0.1875,0.1875,0.1875,0.1875,0.1875,,,
8.22358798980713,0,0.1875,0.1875,0.1875,0.1875,0.1875,0.1875,,,
8.22559094429016,0,0.1875,0.1875,0.1875,0.1875,0.1875,0.1875,,,
8.22759413719177,0,0.1875,0.1875,0.1875,0.1875,0.1875,0.1875,,,
8.22959399223328,0,0.1875,0.1875,0.1875,0.1875,0.1875,0.1875,,,
8.23159694671631,0,0.1875,0.1875,0.1875,0.1875,0.1875,0.1875,,,
8.23359704017639,0,0.1875,0.1875,0.1875,0.1875,0.1875,0.1875,,,
8.23559999465942,0,0.1875,0.1875,0.1875,0.1875,0.1875,0.1875,,,
8.23760294914246,0,0.1875,0.1875,0.1875,0.1875,0.1875,0.1875,,,
8.23960304260254,0,0.1875,0.1875,0.1875,0.1875,0.1875,0.1875,,,
8.24160599708557,0,0.1875,0.1875,0.1875,0.1875,0.1875,0.1875,,,
8.2436089515686,0,0.1875,0.1875,0.1875,0.1875,0.1875,0.1875,,,
8.24560904502869,0,0.1875,0.1875,0.1875,0.1875,0.1875,0.1875,,,
8.24761199951172,0,0.1875,0.1875,0.1875,0.1875,0.1875,0.1875,,,
8.2496120929718,0,0.1875,0.1875,0.1875,0.1875,0.1875,0.1875,,,
8.25161504745483,0,0.1875,0.1875,0.1875,0.1875,0.1875,0.1875,,,
8.25361800193787,0,0.1875,0.1875,0.1875,0.1875,0.1875,0.1875,,,
8.25561809539795,0,0.1875,0.1875,0.1875,0.1875,0.1875,0.1875,,,
8.25762104988098,0,0.1875,0.1875,0.1875,0.1875,0.1875,0.1875,,,
8.25962090492249,0,0.1875,0.1875,0.1875,0.1875,0.1875,0.1875,,,
8.2616240978241,0,0.1875,0.1875,0.1875,0.1875,0.1875,0.1875,,,
8.26362705230713,0,0.1875,0.1875,0.1875,0.1875,0.1875,0.1875,,,
8.26562690734863,0,0.1875,0.1875,0.1875,0.1875,0.1875,0.1875,,,
8.26763010025024,0,0.1875,0.1875,0.1875,0.1875,0.1875,0.1875,,,
8.26963305473328,0,0.1875,0.1875,0.1875,0.1875,0.1875,0.1875,,,
8.27163290977478,0,0.1875,0.1875,0.1875,0.1875,0.1875,0.1875,,,
8.27363610267639,0,0.1875,0.1875,0.1875,0.1875,0.1875,0.1875,,,
8.27563691139221,0,0.1875,0.1875,0.1875,0.1875,0.1875,0.1875,,,
8.27763891220093,0,0.1875,0.1875,0.1875,0.1875,0.1875,0.1875,,,
8.27964210510254,0,0.1875,0.1875,0.1875,0.1875,0.1875,0.1875,,,
8.28164291381836,0,0.1875,0.1875,0.1875,0.1875,0.1875,0.1875,,,
8.28364491462708,0,0.1875,0.1875,0.1875,0.1875,0.1875,0.1875,,,
8.28564810752869,0,0.1875,0.1875,0.1875,0.1875,0.1875,0.1875,,,
8.28764796257019,0,0.1875,0.1875,0.1875,0.1875,0.1875,0.1875,,,
8.28965091705322,0,0.1875,0.1875,0.1875,0.1875,0.1875,0.1875,,,
8.29165101051331,0,0.1875,0.1875,0.1875,0.1875,0.1875,0.1875,,,
8.29365396499634,0,0.1875,0.1875,0.1875,0.1875,0.1875,0.1875,,,
8.29565691947937,0,0.1875,0.1875,0.1875,0.1875,0.1875,0.1875,,,
8.29765701293945,0,0.1875,0.1875,0.1875,0.1875,0.1875,0.1875,,,
8.29965996742249,0,0.1875,0.1875,0.1875,0.1875,0.1875,0.1875,,,
8.30166101455688,0,0.1875,0.1875,0.1875,0.1875,0.1875,0.1875,,,
8.3036630153656,0,0.1875,0.1875,0.1875,0.1875,0.1875,0.1875,,,
8.30566596984863,0,0.1875,0.1875,0.1875,0.1875,0.1875,0.1875,,,
8.30766701698303,0,0.1875,0.1875,0.1875,0.1875,0.1875,0.1875,,,
8.30966901779175,0,0.1875,0.1875,0.1875,0.1875,0.1875,0.1875,,,
8.31167197227478,0,0.1875,0.1875,0.1875,0.1875,0.1875,0.1875,,,
8.31367206573486,0,0.1875,0.1875,0.1875,0.1875,0.1875,0.1875,,,
8.3156750202179,0,0.1875,0.1875,0.1875,0.1875,0.1875,0.1875,,,
8.31767606735229,0,0.1875,0.1875,0.1875,0.1875,0.1875,0.1875,,,
8.31967806816101,0,0.1875,0.1875,0.1875,0.1875,0.1875,0.1875,,,
8.32168102264404,0,0.1875,0.1875,0.1875,0.1875,0.1875,0.1875,,,
8.32368206977844,0,0.1875,0.1875,0.1875,0.1875,0.1875,0.1875,,,
8.32568407058716,0,0.1875,0.1875,0.1875,0.1875,0.1875,0.1875,,,
8.32768702507019,0,0.1875,0.1875,0.1875,0.1875,0.1875,0.1875,,,
8.32968711853027,0,0.1875,0.1875,0.1875,0.1875,0.1875,0.1875,,,
8.33169007301331,0,0.1875,0.1875,0.1875,0.1875,0.1875,0.1875,,,
8.33369302749634,0,0.1875,0.1875,0.1875,0.1875,0.1875,0.1875,,,
8.33569312095642,0,0.1875,0.1875,0.1875,0.1875,0.1875,0.1875,,,
8.33769607543945,0,0.1875,0.1875,0.1875,0.1875,0.1875,0.1875,,,
8.33969902992249,0,0.1875,0.1875,0.1875,0.1875,0.1875,0.1875,,,
8.34169912338257,0,0.1875,0.1875,0.1875,0.1875,0.1875,0.1875,,,
8.3437020778656,0,0.1875,0.1875,0.1875,0.1875,0.1875,0.1875,,,
8.3457019329071,0,0.1875,0.1875,0.1875,0.1875,0.1875,0.1875,,,
8.34770512580872,0,0.1875,0.1875,0.1875,0.1875,0.1875,0.1875,,,
8.34970808029175,0,0.1875,0.1875,0.1875,0.1875,0.1875,0.1875,,,
8.35170793533325,0,0.1875,0.1875,0.1875,0.1875,0.1875,0.1875,,,
8.35371112823486,0,0.1875,0.1875,0.1875,0.1875,0.1875,0.1875,,,
8.35571312904358,0,0.1875,0.1875,0.1875,0.1875,0.1875,0.1875,,,
8.3577139377594,0,0.1875,0.1875,0.1875,0.1875,0.1875,0.1875,,,
8.35971593856812,0,0.1875,0.1875,0.1875,0.1875,0.1875,0.1875,,,
8.36171698570251,0,0.1875,0.1875,0.1875,0.1875,0.1875,0.1875,,,
8.36371994018555,0,0.1875,0.1875,0.1875,0.1875,0.1875,0.1875,,,
8.36572194099426,0,0.1875,0.1875,0.1875,0.1875,0.1875,0.1875,,,
8.36772298812866,0,0.1875,0.1875,0.1875,0.1875,0.1875,0.1875,,,
8.36972594261169,0,0.1875,0.1875,0.1875,0.1875,0.1875,0.1875,,,
8.37172794342041,0,0.1875,0.1875,0.1875,0.1875,0.1875,0.1875,,,
8.37372899055481,0,0.1875,0.1875,0.1875,0.1875,0.1875,0.1875,,,
8.37573099136353,0,0.1875,0.1875,0.1875,0.1875,0.1875,0.1875,,,
8.37773394584656,0,0.1875,0.1875,0.1875,0.1875,0.1875,0.1875,,,
8.37973499298096,0,0.1875,0.1875,0.1875,0.1875,0.1875,0.1875,,,
8.38173699378967,0,0.1875,0.1875,0.1875,0.1875,0.1875,0.1875,,,
8.38373804092407,0,0.1875,0.1875,0.1875,0.1875,0.1875,0.1875,,,
8.38574004173279,0,0.1875,0.1875,0.1875,0.1875,0.1875,0.1875,,,
8.38774299621582,0,0.1875,0.1875,0.1875,0.1875,0.1875,0.1875,,,
8.38974404335022,0,0.1875,0.1875,0.1875,0.1875,0.1875,0.1875,,,
8.39174604415894,0,0.1875,0.1875,0.1875,0.1875,0.1875,0.1875,,,
8.39374709129334,0,0.1875,0.1875,0.1875,0.1875,0.1875,0.1875,,,
8.39575004577637,0,0.1875,0.1875,0.1875,0.1875,0.1875,0.1875,,,
8.39775204658508,0,0.1875,0.1875,0.1875,0.1875,0.1875,0.1875,,,
8.39975309371948,0,0.1875,0.1875,0.1875,0.1875,0.1875,0.1875,,,
8.4017550945282,0,0.1875,0.1875,0.1875,0.1875,0.1875,0.1875,,,
8.40375804901123,0,0.1875,0.1875,0.1875,0.1875,0.1875,0.1875,,,
8.40575909614563,0,0.1875,0.1875,0.1875,0.1875,0.1875,0.1875,,,
8.40776109695435,0,0.1875,0.1875,0.1875,0.1875,0.1875,0.1875,,,
8.40976190567017,0,0.1875,0.1875,0.1875,0.1875,0.1875,0.1875,,,
8.41176509857178,0,0.1875,0.1875,0.1875,0.1875,0.1875,0.1875,,,
8.41376709938049,0,0.1875,0.1875,0.1875,0.1875,0.1875,0.1875,,,
8.41576790809631,0,0.1875,0.1875,0.1875,0.1875,0.1875,0.1875,,,
8.41777110099792,0,0.1875,0.1875,0.1875,0.1875,0.1875,0.1875,,,
8.41977095603943,0,0.1875,0.1875,0.1875,0.1875,0.1875,0.1875,,,
8.42177391052246,0,0.1875,0.1875,0.1875,0.1875,0.1875,0.1875,,,
8.42377710342407,0,0.1875,0.1875,0.1875,0.1875,0.1875,0.1875,,,
8.42577695846558,0,0.1875,0.1875,0.1875,0.1875,0.1875,0.1875,,,
8.42777991294861,0,0.1875,0.1875,0.1875,0.1875,0.1875,0.1875,,,
8.42978000640869,0,0.1875,0.1875,0.1875,0.1875,0.1875,0.1875,,,
8.43178296089172,0,0.1875,0.1875,0.1875,0.1875,0.1875,0.1875,,,
8.43378591537476,0,0.1875,0.1875,0.1875,0.1875,0.1875,0.1875,,,
8.43578600883484,0,0.1875,0.1875,0.1875,0.1875,0.1875,0.1875,,,
8.43778896331787,0,0.1875,0.1875,0.1875,0.1875,0.1875,0.1875,,,
8.43978905677795,0,0.1875,0.1875,0.1875,0.1875,0.1875,0.1875,,,
8.44179201126099,0,0.1875,0.1875,0.1875,0.1875,0.1875,0.1875,,,
8.44379210472107,0,0.1875,0.1875,0.1875,0.1875,0.1875,0.1875,,,
8.4457950592041,0,0.1875,0.1875,0.1875,0.1875,0.1875,0.1875,,,
8.44779801368713,0,0.1875,0.1875,0.1875,0.1875,0.1875,0.1875,,,
8.44979810714722,0,0.1875,0.1875,0.1875,0.1875,0.1875,0.1875,,,
8.45180106163025,0,0.1875,0.1875,0.1875,0.1875,0.1875,0.1875,,,
8.45380091667175,0,0.1875,0.1875,0.1875,0.1875,0.1875,0.1875,,,
8.45580410957336,0,0.1875,0.1875,0.1875,0.1875,0.1875,0.1875,,,
8.4578070640564,0,0.1875,0.1875,0.1875,0.1875,0.1875,0.1875,,,
8.4598069190979,0,0.1875,0.1875,0.1875,0.1875,0.1875,0.1875,,,
8.46181011199951,0,0.1875,0.1875,0.1875,0.1875,0.1875,0.1875,,,
8.46380996704102,0,0.1875,0.1875,0.1875,0.1875,0.1875,0.1875,,,
8.46581292152405,0,0.1875,0.1875,0.1875,0.1875,0.1875,0.1875,,,
8.46781611442566,0,0.1875,0.1875,0.1875,0.1875,0.1875,0.1875,,,
8.46981596946716,0,0.1875,0.1875,0.1875,0.1875,0.1875,0.1875,,,
8.4718189239502,0,0.1875,0.1875,0.1875,0.1875,0.1875,0.1875,,,
8.47381901741028,0,0.1875,0.1875,0.1875,0.1875,0.1875,0.1875,,,
8.47582197189331,0,0.1875,0.1875,0.1875,0.1875,0.1875,0.1875,,,
8.47782492637634,0,0.1875,0.1875,0.1875,0.1875,0.1875,0.1875,,,
8.47981309890747,0,0.1875,0.1875,0.1875,0.1875,0.1875,0.1875,,,
8.4818160533905,0,0.1875,0.1875,0.1875,0.1875,0.1875,0.1875,,,
8.48381590843201,0,0.1875,0.1875,0.1875,0.1875,0.1875,0.1875,,,
8.48581910133362,0,0.1875,0.1875,0.1875,0.1875,0.1875,0.1875,,,
8.48782205581665,0,0.1875,0.1875,0.1875,0.1875,0.1875,0.1875,,,
8.48982191085815,0,0.1875,0.1875,0.1875,0.1875,0.1875,0.1875,,,
8.49182510375977,0,0.1875,0.1875,0.1875,0.1875,0.1875,0.1875,,,
8.49382591247559,0,0.1875,0.1875,0.1875,0.1875,0.1875,0.1875,,,
8.4958291053772,0,0.1875,0.1875,0.1875,0.1875,0.1875,0.1875,,,
8.4978289604187,0,0.1875,0.1875,0.1875,0.1875,0.1875,0.1875,,,
8.49983191490173,0,0.1875,0.1875,0.1875,0.1875,0.1875,0.1875,,,
8.50183200836182,0,0.1875,0.1875,0.1875,0.1875,0.1875,0.1875,,,
8.50383496284485,0,0.1875,0.1875,0.1875,0.1875,0.1875,0.1875,,,
8.50583791732788,0,0.1875,0.1875,0.1875,0.1875,0.1875,0.1875,,,
8.50783801078796,0,0.1875,0.1875,0.1875,0.1875,0.1875,0.1875,,,
8.509840965271,0,0.1875,0.1875,0.1875,0.1875,0.1875,0.1875,,,
8.51184105873108,0,0.1875,0.1875,0.1875,0.1875,0.1875,0.1875,,,
8.51384401321411,0,0.1875,0.1875,0.1875,0.1875,0.1875,0.1875,,,
8.51584601402283,0,0.1875,0.1875,0.1875,0.1875,0.1875,0.1875,,,
8.51784801483154,0,0.1875,0.1875,0.1875,0.1875,0.1875,0.1875,,,
8.51984906196594,0,0.1875,0.1875,0.1875,0.1875,0.1875,0.1875,,,
8.52185201644897,0,0.1875,0.1875,0.1875,0.1875,0.1875,0.1875,,,
8.52385210990906,0,0.1875,0.1875,0.1875,0.1875,0.1875,0.1875,,,
8.52585506439209,0,0.1875,0.1875,0.1875,0.1875,0.1875,0.1875,,,
8.52785491943359,0,0.1875,0.1875,0.1875,0.1875,0.1875,0.1875,,,
8.52985811233521,0,0.1875,0.1875,0.1875,0.1875,0.1875,0.1875,,,
8.53185892105103,0,0.1875,0.1875,0.1875,0.1875,0.1875,0.1875,,,
8.53386211395264,0,0.1875,0.1875,0.1875,0.1875,0.1875,0.1875,,,
8.53586411476135,0,0.1875,0.1875,0.1875,0.1875,0.1875,0.1875,,,
8.53786492347717,0,0.1875,0.1875,0.1875,0.1875,0.1875,0.1875,,,
8.53986811637878,0,0.1875,0.1875,0.1875,0.1875,0.1875,0.1875,,,
8.54186797142029,0,0.1875,0.1875,0.1875,0.1875,0.1875,0.1875,,,
8.54387092590332,0,0.1875,0.1875,0.1875,0.1875,0.1875,0.1875,,,
8.54587197303772,0,0.1875,0.1875,0.1875,0.1875,0.1875,0.1875,,,
8.54787492752075,0,0.1875,0.1875,0.1875,0.1875,0.1875,0.1875,,,
8.54987502098084,0,0.1875,0.1875,0.1875,0.1875,0.1875,0.1875,,,
8.55187797546387,0,0.1875,0.1875,0.1875,0.1875,0.1875,0.1875,,,
8.55387806892395,0,0.1875,0.1875,0.1875,0.1875,0.1875,0.1875,,,
8.55588102340698,0,0.1875,0.1875,0.1875,0.1875,0.1875,0.1875,,,
8.55788397789001,0,0.1875,0.1875,0.1875,0.1875,0.1875,0.1875,,,
8.55988502502441,0,0.1875,0.1875,0.1875,0.1875,0.1875,0.1875,,,
8.5618851184845,0,0.1875,0.1875,0.1875,0.1875,0.1875,0.1875,,,
8.56388807296753,0,0.1875,0.1875,0.1875,0.1875,0.1875,0.1875,,,
8.56589102745056,0,0.1875,0.1875,0.1875,0.1875,0.1875,0.1875,,,
8.56789112091064,0,0.1875,0.1875,0.1875,0.1875,0.1875,0.1875,,,
8.56989407539368,0,0.1875,0.1875,0.1875,0.1875,0.1875,0.1875,,,
8.57189702987671,0,0.1875,0.1875,0.1875,0.1875,0.1875,0.1875,,,
8.57389712333679,0,0.1875,0.1875,0.1875,0.1875,0.1875,0.1875,,,
8.57590007781982,0,0.1875,0.1875,0.1875,0.1875,0.1875,0.1875,,,
8.57790207862854,0,0.1875,0.1875,0.1875,0.1875,0.1875,0.1875,,,
8.57990193367004,0,0.1875,0.1875,0.1875,0.1875,0.1875,0.1875,,,
8.58190512657166,0,0.1875,0.1875,0.1875,0.1875,0.1875,0.1875,,,
8.58390808105469,0,0.1875,0.1875,0.1875,0.1875,0.1875,0.1875,,,
8.58590793609619,0,0.1875,0.1875,0.1875,0.1875,0.1875,0.1875,,,
8.58790993690491,0,0.1875,0.1875,0.1875,0.1875,0.1875,0.1875,,,
8.58991312980652,0,0.1875,0.1875,0.1875,0.1875,0.1875,0.1875,,,
8.59191298484802,0,0.1875,0.1875,0.1875,0.1875,0.1875,0.1875,,,
8.59391593933105,0,0.1875,0.1875,0.1875,0.1875,0.1875,0.1875,,,
8.59591603279114,0,0.1875,0.1875,0.1875,0.1875,0.1875,0.1875,,,
8.59791898727417,0,0.1875,0.1875,0.1875,0.1875,0.1875,0.1875,,,
8.5999219417572,0,0.1875,0.1875,0.1875,0.1875,0.1875,0.1875,,,
8.60192203521729,0,0.1875,0.1875,0.1875,0.1875,0.1875,0.1875,,,
8.603924036026,0,0.1875,0.1875,0.1875,0.1875,0.1875,0.1875,,,
8.60592699050903,0,0.1875,0.1875,0.1875,0.1875,0.1875,0.1875,,,
8.60792708396912,0,0.1875,0.1875,0.1875,0.1875,0.1875,0.1875,,,
8.60993003845215,0,0.1875,0.1875,0.1875,0.1875,0.1875,0.1875,,,
8.61193203926086,0,0.1875,0.1875,0.1875,0.1875,0.1875,0.1875,,,
8.61393308639526,0,0.1875,0.1875,0.1875,0.1875,0.1875,0.1875,,,
8.6159360408783,0,0.1875,0.1875,0.1875,0.1875,0.1875,0.1875,,,
8.61793804168701,0,0.1875,0.1875,0.1875,0.1875,0.1875,0.1875,,,
8.61993813514709,0,0.1875,0.1875,0.1875,0.1875,0.1875,0.1875,,,
8.62194108963013,0,0.1875,0.1875,0.1875,0.1875,0.1875,0.1875,,,
8.62394094467163,0,0.1875,0.1875,0.1875,0.1875,0.1875,0.1875,,,
8.62594413757324,0,0.1875,0.1875,0.1875,0.1875,0.1875,0.1875,,,
8.62794613838196,0,0.1875,0.1875,0.1875,0.1875,0.1875,0.1875,,,
8.62994694709778,0,0.1875,0.1875,0.1875,0.1875,0.1875,0.1875,,,
8.63194894790649,0,0.1875,0.1875,0.1875,0.1875,0.1875,0.1875,,,
8.63395214080811,0,0.1875,0.1875,0.1875,0.1875,0.1875,0.1875,,,
8.63595199584961,0,0.1875,0.1875,0.1875,0.1875,0.1875,0.1875,,,
8.63795495033264,0,0.1875,0.1875,0.1875,0.1875,0.1875,0.1875,,,
8.63995504379272,0,0.1875,0.1875,0.1875,0.1875,0.1875,0.1875,,,
8.64195799827576,0,0.1875,0.1875,0.1875,0.1875,0.1875,0.1875,,,
8.64396095275879,0,0.1875,0.1875,0.1875,0.1875,0.1875,0.1875,,,
8.64596104621887,0,0.1875,0.1875,0.1875,0.1875,0.1875,0.1875,,,
8.64796304702759,0,0.1875,0.1875,0.1875,0.1875,0.1875,0.1875,,,
8.64996600151062,0,0.1875,0.1875,0.1875,0.1875,0.1875,0.1875,,,
8.6519660949707,0,0.1875,0.1875,0.1875,0.1875,0.1875,0.1875,,,
8.65396904945374,0,0.1875,0.1875,0.1875,0.1875,0.1875,0.1875,,,
8.65597105026245,0,0.1875,0.1875,0.1875,0.1875,0.1875,0.1875,,,
8.65797209739685,0,0.1875,0.1875,0.1875,0.1875,0.1875,0.1875,,,
8.65997409820557,0,0.1875,0.1875,0.1875,0.1875,0.1875,0.1875,,,
8.66197490692139,0,0.1875,0.1875,0.1875,0.1875,0.1875,0.1875,,,
8.663978099823,0,0.1875,0.1875,0.1875,0.1875,0.1875,0.1875,,,
8.66598510742188,0,0.1875,0.1875,0.1875,0.1875,0.1875,0.1875,,,
8.6679859161377,0,0.1875,0.1875,0.1875,0.1875,0.1875,0.1875,,,
8.66998791694641,0,0.1875,0.1875,0.1875,0.1875,0.1875,0.1875,,,
8.67198896408081,0,0.1875,0.1875,0.1875,0.1875,0.1875,0.1875,,,
8.67398905754089,0,0.1875,0.1875,0.1875,0.1875,0.1875,0.1875,,,
8.6759889125824,0,0.1875,0.1875,0.1875,0.1875,0.1875,0.1875,,,
8.6779899597168,0,0.1875,0.1875,0.1875,0.1875,0.1875,0.1875,,,
8.67999196052551,0,0.1875,0.1875,0.1875,0.1875,0.1875,0.1875,,,
8.68199300765991,0,0.1875,0.1875,0.1875,0.1875,0.1875,0.1875,,,
8.68399500846863,0,0.1875,0.1875,0.1875,0.1875,0.1875,0.1875,,,
8.68599796295166,0,0.1875,0.1875,0.1875,0.1875,0.1875,0.1875,,,
8.68799805641174,0,0.1875,0.1875,0.1875,0.1875,0.1875,0.1875,,,
8.69000101089478,0,0.1875,0.1875,0.1875,0.1875,0.1875,0.1875,,,
8.69200205802917,0,0.1875,0.1875,0.1875,0.1875,0.1875,0.1875,,,
8.69400405883789,0,0.1875,0.1875,0.1875,0.1875,0.1875,0.1875,,,
8.69600701332092,0,0.1875,0.1875,0.1875,0.1875,0.1875,0.1875,,,
8.69800710678101,0,0.1875,0.1875,0.1875,0.1875,0.1875,0.1875,,,
8.70001006126404,0,0.1875,0.1875,0.1875,0.1875,0.1875,0.1875,,,
8.70201110839844,0,0.1875,0.1875,0.1875,0.1875,0.1875,0.1875,,,
8.70401310920715,0,0.1875,0.1875,0.1875,0.1875,0.1875,0.1875,,,
8.70601606369019,0,0.1875,0.1875,0.1875,0.1875,0.1875,0.1875,,,
8.70801591873169,0,0.1875,0.1875,0.1875,0.1875,0.1875,0.1875,,,
8.7100191116333,0,0.1875,0.1875,0.1875,0.1875,0.1875,0.1875,,,
8.71201992034912,0,0.1875,0.1875,0.1875,0.1875,0.1875,0.1875,,,
8.71402192115784,0,0.1875,0.1875,0.1875,0.1875,0.1875,0.1875,,,
8.71602296829224,0,0.1875,0.1875,0.1875,0.1875,0.1875,0.1875,,,
8.71802592277527,0,0.1875,0.1875,0.1875,0.1875,0.1875,0.1875,,,
8.72002792358398,0,0.1875,0.1875,0.1875,0.1875,0.1875,0.1875,,,
8.72202897071838,0,0.1875,0.1875,0.1875,0.1875,0.1875,0.1875,,,
8.7240309715271,0,0.1875,0.1875,0.1875,0.1875,0.1875,0.1875,,,
8.72603392601013,0,0.1875,0.1875,0.1875,0.1875,0.1875,0.1875,,,
8.72803401947021,0,0.1875,0.1875,0.1875,0.1875,0.1875,0.1875,,,
8.73003697395325,0,0.1875,0.1875,0.1875,0.1875,0.1875,0.1875,,,
8.73203706741333,0,0.1875,0.1875,0.1875,0.1875,0.1875,0.1875,,,
8.73404002189636,0,0.1875,0.1875,0.1875,0.1875,0.1875,0.1875,,,
8.73604106903076,0,0.1875,0.1875,0.1875,0.1875,0.1875,0.1875,,,
8.73804306983948,0,0.1875,0.1875,0.1875,0.1875,0.1875,0.1875,,,
8.74004602432251,0,0.1875,0.1875,0.1875,0.1875,0.1875,0.1875,,,
8.74204611778259,0,0.1875,0.1875,0.1875,0.1875,0.1875,0.1875,,,
8.74404907226563,0,0.1875,0.1875,0.1875,0.1875,0.1875,0.1875,,,
8.74605011940002,0,0.1875,0.1875,0.1875,0.1875,0.1875,0.1875,,,
8.74805307388306,0,0.1875,0.1875,0.1875,0.1875,0.1875,0.1875,,,
8.75005507469177,0,0.1875,0.1875,0.1875,0.1875,0.1875,0.1875,,,
8.75205612182617,0,0.1875,0.1875,0.1875,0.1875,0.1875,0.1875,,,
8.75405812263489,0,0.1875,0.1875,0.1875,0.1875,0.1875,0.1875,,,
8.75605893135071,0,0.1875,0.1875,0.1875,0.1875,0.1875,0.1875,,,
8.75806212425232,0,0.1875,0.1875,0.1875,0.1875,0.1875,0.1875,,,
8.76006412506104,0,0.1875,0.1875,0.1875,0.1875,0.1875,0.1875,,,
8.76206493377686,0,0.1875,0.1875,0.1875,0.1875,0.1875,0.1875,,,
8.76406812667847,0,0.1875,0.1875,0.1875,0.1875,0.1875,0.1875,,,
8.76606798171997,0,0.1875,0.1875,0.1875,0.1875,0.1875,0.1875,,,
8.768070936203,0,0.1875,0.1875,0.1875,0.1875,0.1875,0.1875,,,
8.77007102966309,0,0.1875,0.1875,0.1875,0.1875,0.1875,0.1875,,,
8.77207398414612,0,0.1875,0.1875,0.1875,0.1875,0.1875,0.1875,,,
8.77407693862915,0,0.1875,0.1875,0.1875,0.1875,0.1875,0.1875,,,
8.77607703208923,0,0.1875,0.1875,0.1875,0.1875,0.1875,0.1875,,,
8.77807998657227,0,0.1875,0.1875,0.1875,0.1875,0.1875,0.1875,,,
8.78008008003235,0,0.1875,0.1875,0.1875,0.1875,0.1875,0.1875,,,
8.78208303451538,0,0.1875,0.1875,0.1875,0.1875,0.1875,0.1875,,,
8.78408312797546,0,0.1875,0.1875,0.1875,0.1875,0.1875,0.1875,,,
8.7860860824585,0,0.1875,0.1875,0.1875,0.1875,0.1875,0.1875,,,
8.78808903694153,0,0.1875,0.1875,0.1875,0.1875,0.1875,0.1875,,,
8.79008913040161,0,0.1875,0.1875,0.1875,0.1875,0.1875,0.1875,,,
8.79209208488464,0,0.1875,0.1875,0.1875,0.1875,0.1875,0.1875,,,
8.79409193992615,0,0.1875,0.1875,0.1875,0.1875,0.1875,0.1875,,,
8.79609513282776,0,0.1875,0.1875,0.1875,0.1875,0.1875,0.1875,,,
8.79809808731079,0,0.1875,0.1875,0.1875,0.1875,0.1875,0.1875,,,
8.80009794235229,0,0.1875,0.1875,0.1875,0.1875,0.1875,0.1875,,,
8.80210113525391,0,0.1875,0.1875,0.1875,0.1875,0.1875,0.1875,,,
8.80410099029541,0,0.1875,0.1875,0.1875,0.1875,0.1875,0.1875,,,
8.80610394477844,0,0.1875,0.1875,0.1875,0.1875,0.1875,0.1875,,,
8.80810713768005,0,0.1875,0.1875,0.1875,0.1875,0.1875,0.1875,,,
8.81010699272156,0,0.1875,0.1875,0.1875,0.1875,0.1875,0.1875,,,
8.81210994720459,0,0.1875,0.1875,0.1875,0.1875,0.1875,0.1875,,,
8.81411004066467,0,0.1875,0.1875,0.1875,0.1875,0.1875,0.1875,,,
8.81611299514771,0,0.1875,0.1875,0.1875,0.1875,0.1875,0.1875,,,
8.81811594963074,0,0.1875,0.1875,0.1875,0.1875,0.1875,0.1875,,,
8.82011604309082,0,0.1875,0.1875,0.1875,0.1875,0.1875,0.1875,,,
8.82211899757385,0,0.1875,0.1875,0.1875,0.1875,0.1875,0.1875,,,
8.82411909103394,0,0.1875,0.1875,0.1875,0.1875,0.1875,0.1875,,,
8.82612204551697,0,0.1875,0.1875,0.1875,0.1875,0.1875,0.1875,,,
8.828125,0,0.1875,0.1875,0.1875,0.1875,0.1875,0.1875,,,
8.83012509346008,0,0.1875,0.1875,0.1875,0.1875,0.1875,0.1875,,,
8.83212804794312,0,0.1875,0.1875,0.1875,0.1875,0.1875,0.1875,,,
8.8341281414032,0,0.1875,0.1875,0.1875,0.1875,0.1875,0.1875,,,
8.83613109588623,0,0.1875,0.1875,0.1875,0.1875,0.1875,0.1875,,,
8.83813405036926,0,0.1875,0.1875,0.1875,0.1875,0.1875,0.1875,,,
8.84013390541077,0,0.1875,0.1875,0.1875,0.1875,0.1875,0.1875,,,
8.84213709831238,0,0.1875,0.1875,0.1875,0.1875,0.1875,0.1875,,,
8.84414005279541,0,0.1875,0.1875,0.1875,0.1875,0.1875,0.1875,,,
8.84613990783691,0,0.1875,0.1875,0.1875,0.1875,0.1875,0.1875,,,
8.84814310073853,0,0.1875,0.1875,0.1875,0.1875,0.1875,0.1875,,,
8.85014295578003,0,0.1875,0.1875,0.1875,0.1875,0.1875,0.1875,,,
8.85214591026306,0,0.1875,0.1875,0.1875,0.1875,0.1875,0.1875,,,
8.85414910316467,0,0.1875,0.1875,0.1875,0.1875,0.1875,0.1875,,,
8.85614895820618,0,0.1875,0.1875,0.1875,0.1875,0.1875,0.1875,,,
8.85815191268921,0,0.1875,0.1875,0.1875,0.1875,0.1875,0.1875,,,
8.86015295982361,0,0.1875,0.1875,0.1875,0.1875,0.1875,0.1875,,,
8.86215496063232,0,0.1875,0.1875,0.1875,0.1875,0.1875,0.1875,,,
8.86415791511536,0,0.1875,0.1875,0.1875,0.1875,0.1875,0.1875,,,
8.86615896224976,0,0.1875,0.1875,0.1875,0.1875,0.1875,0.1875,,,
8.86816096305847,0,0.1875,0.1875,0.1875,0.1875,0.1875,0.1875,,,
8.87016201019287,0,0.1875,0.1875,0.1875,0.1875,0.1875,0.1875,,,
8.8721649646759,0,0.1875,0.1875,0.1875,0.1875,0.1875,0.1875,,,
8.87416696548462,0,0.1875,0.1875,0.1875,0.1875,0.1875,0.1875,,,
8.87616801261902,0,0.1875,0.1875,0.1875,0.1875,0.1875,0.1875,,,
8.87817096710205,0,0.1875,0.1875,0.1875,0.1875,0.1875,0.1875,,,
8.88017106056213,0,0.1875,0.1875,0.1875,0.1875,0.1875,0.1875,,,
8.88217401504517,0,0.1875,0.1875,0.1875,0.1875,0.1875,0.1875,,,
8.88417601585388,0,0.1875,0.1875,0.1875,0.1875,0.1875,0.1875,,,
8.88617706298828,0,0.1875,0.1875,0.1875,0.1875,0.1875,0.1875,,,
8.888179063797,0,0.1875,0.1875,0.1875,0.1875,0.1875,0.1875,,,
8.8901801109314,0,0.1875,0.1875,0.1875,0.1875,0.1875,0.1875,,,
8.89218306541443,0,0.1875,0.1875,0.1875,0.1875,0.1875,0.1875,,,
8.89418292045593,0,0.1875,0.1875,0.1875,0.1875,0.1875,0.1875,,,
8.89618611335754,0,0.1875,0.1875,0.1875,0.1875,0.1875,0.1875,,,
8.89818906784058,0,0.1875,0.1875,0.1875,0.1875,0.1875,0.1875,,,
8.90018892288208,0,0.1875,0.1875,0.1875,0.1875,0.1875,0.1875,,,
8.90219211578369,0,0.1875,0.1875,0.1875,0.1875,0.1875,0.1875,,,
8.9041919708252,0,0.1875,0.1875,0.1875,0.1875,0.1875,0.1875,,,
8.90619492530823,0,0.1875,0.1875,0.1875,0.1875,0.1875,0.1875,,,
8.90819811820984,0,0.1875,0.1875,0.1875,0.1875,0.1875,0.1875,,,
8.91019797325134,0,0.1875,0.1875,0.1875,0.1875,0.1875,0.1875,,,
8.91220092773438,0,0.1875,0.1875,0.1875,0.1875,0.1875,0.1875,,,
8.91420292854309,0,0.1875,0.1875,0.1875,0.1875,0.1875,0.1875,,,
8.91620397567749,0,0.1875,0.1875,0.1875,0.1875,0.1875,0.1875,,,
8.91820693016052,0,0.1875,0.1875,0.1875,0.1875,0.1875,0.1875,,,
8.92020702362061,0,0.1875,0.1875,0.1875,0.1875,0.1875,0.1875,,,
8.92220997810364,0,0.1875,0.1875,0.1875,0.1875,0.1875,0.1875,,,
8.92421293258667,0,0.1875,0.1875,0.1875,0.1875,0.1875,0.1875,,,
8.92621302604675,0,0.1875,0.1875,0.1875,0.1875,0.1875,0.1875,,,
8.92821598052979,0,0.1875,0.1875,0.1875,0.1875,0.1875,0.1875,,,
8.93021607398987,0,0.1875,0.1875,0.1875,0.1875,0.1875,0.1875,,,
8.9322190284729,0,0.1875,0.1875,0.1875,0.1875,0.1875,0.1875,,,
8.93421912193298,0,0.1875,0.1875,0.1875,0.1875,0.1875,0.1875,,,
8.93622207641602,0,0.1875,0.1875,0.1875,0.1875,0.1875,0.1875,,,
8.93822407722473,0,0.1875,0.1875,0.1875,0.1875,0.1875,0.1875,,,
8.94022512435913,0,0.1875,0.1875,0.1875,0.1875,0.1875,0.1875,,,
8.94222807884216,0,0.1875,0.1875,0.1875,0.1875,0.1875,0.1875,,,
8.94422793388367,0,0.1875,0.1875,0.1875,0.1875,0.1875,0.1875,,,
8.94623112678528,0,0.1875,0.1875,0.1875,0.1875,0.1875,0.1875,,,
8.94823098182678,0,0.1875,0.1875,0.1875,0.1875,0.1875,0.1875,,,
8.95023393630981,0,0.1875,0.1875,0.1875,0.1875,0.1875,0.1875,,,
8.95223712921143,0,0.1875,0.1875,0.1875,0.1875,0.1875,0.1875,,,
8.95423698425293,0,0.1875,0.1875,0.1875,0.1875,0.1875,0.1875,,,
8.95623993873596,0,0.1875,0.1875,0.1875,0.1875,0.1875,0.1875,,,
8.95824003219604,0,0.1875,0.1875,0.1875,0.1875,0.1875,0.1875,,,
8.96024298667908,0,0.1875,0.1875,0.1875,0.1875,0.1875,0.1875,,,
8.96224594116211,0,0.1875,0.1875,0.1875,0.1875,0.1875,0.1875,,,
8.96424603462219,0,0.1875,0.1875,0.1875,0.1875,0.1875,0.1875,,,
8.96624898910522,0,0.1875,0.1875,0.1875,0.1875,0.1875,0.1875,,,
8.96825098991394,0,0.1875,0.1875,0.1875,0.1875,0.1875,0.1875,,,
8.97025203704834,0,0.1875,0.1875,0.1875,0.1875,0.1875,0.1875,,,
8.97225403785706,0,0.1875,0.1875,0.1875,0.1875,0.1875,0.1875,,,
8.97425508499146,0,0.1875,0.1875,0.1875,0.1875,0.1875,0.1875,,,
8.97625803947449,0,0.1875,0.1875,0.1875,0.1875,0.1875,0.1875,,,
8.9783079624176,0,0.1875,0.1875,0.1875,0.1875,0.1875,0.1875,,,
8.98030996322632,0,0.1875,0.1875,0.1875,0.1875,0.1875,0.1875,,,
8.98231101036072,0,0.1875,0.1875,0.1875,0.1875,0.1875,0.1875,,,
8.98431396484375,0,0.1875,0.1875,0.1875,0.1875,0.1875,0.1875,,,
8.98631596565247,0,0.1875,0.1875,0.1875,0.1875,0.1875,0.1875,,,
8.98831701278687,0,0.1875,0.1875,0.1875,0.1875,0.1875,0.1875,,,
8.9903199672699,0,0.1875,0.1875,0.1875,0.1875,0.1875,0.1875,,,
8.99232006072998,0,0.1875,0.1875,0.1875,0.1875,0.1875,0.1875,,,
8.99432301521301,0,0.1875,0.1875,0.1875,0.1875,0.1875,0.1875,,,
8.99632501602173,0,0.1875,0.1875,0.1875,0.1875,0.1875,0.1875,,,
8.99832606315613,0,0.1875,0.1875,0.1875,0.1875,0.1875,0.1875,,,
9.00032901763916,0,0.1875,0.1875,0.1875,0.1875,0.1875,0.1875,,,
9.00233101844788,0,0.1875,0.1875,0.1875,0.1875,0.1875,0.1875,,,
9.00433206558228,0,0.1875,0.1875,0.1875,0.1875,0.1875,0.1875,,,
9.00633406639099,0,0.1875,0.1875,0.1875,0.1875,0.1875,0.1875,,,
9.00833511352539,0,0.1875,0.1875,0.1875,0.1875,0.1875,0.1875,,,
9.01033711433411,0,0.1875,0.1875,0.1875,0.1875,0.1875,0.1875,,,
9.01234006881714,0,0.1875,0.1875,0.1875,0.1875,0.1875,0.1875,,,
9.01433992385864,0,0.1875,0.1875,0.1875,0.1875,0.1875,0.1875,,,
9.01634311676025,0,0.1875,0.1875,0.1875,0.1875,0.1875,0.1875,,,
9.01834607124329,0,0.1875,0.1875,0.1875,0.1875,0.1875,0.1875,,,
9.02034592628479,0,0.1875,0.1875,0.1875,0.1875,0.1875,0.1875,,,
9.0223491191864,0,0.1875,0.1875,0.1875,0.1875,0.1875,0.1875,,,
9.02434897422791,0,0.1875,0.1875,0.1875,0.1875,0.1875,0.1875,,,
9.02635192871094,0,0.1875,0.1875,0.1875,0.1875,0.1875,0.1875,,,
9.02835512161255,0,0.1875,0.1875,0.1875,0.1875,0.1875,0.1875,,,
9.03035497665405,0,0.1875,0.1875,0.1875,0.1875,0.1875,0.1875,,,
9.03235793113709,0,0.1875,0.1875,0.1875,0.1875,0.1875,0.1875,,,
9.03435802459717,0,0.1875,0.1875,0.1875,0.1875,0.1875,0.1875,,,
9.0363609790802,0,0.1875,0.1875,0.1875,0.1875,0.1875,0.1875,,,
9.03836393356323,0,0.1875,0.1875,0.1875,0.1875,0.1875,0.1875,,,
9.04036402702332,0,0.1875,0.1875,0.1875,0.1875,0.1875,0.1875,,,
9.04236698150635,0,0.1875,0.1875,0.1875,0.1875,0.1875,0.1875,,,
9.04436707496643,0,0.1875,0.1875,0.1875,0.1875,0.1875,0.1875,,,
9.04637002944946,0,0.1875,0.1875,0.1875,0.1875,0.1875,0.1875,,,
9.0483729839325,0,0.1875,0.1875,0.1875,0.1875,0.1875,0.1875,,,
9.05037307739258,0,0.1875,0.1875,0.1875,0.1875,0.1875,0.1875,,,
9.05237603187561,0,0.1875,0.1875,0.1875,0.1875,0.1875,0.1875,,,
9.05437898635864,0,0.1875,0.1875,0.1875,0.1875,0.1875,0.1875,,,
9.05637907981873,0,0.1875,0.1875,0.1875,0.1875,0.1875,0.1875,,,
9.05838203430176,0,0.1875,0.1875,0.1875,0.1875,0.1875,0.1875,,,
9.06038308143616,0,0.1875,0.1875,0.1875,0.1875,0.1875,0.1875,,,
9.06238508224487,0,0.1875,0.1875,0.1875,0.1875,0.1875,0.1875,,,
9.06438803672791,0,0.1875,0.1875,0.1875,0.1875,0.1875,0.1875,,,
9.0663890838623,0,0.1875,0.1875,0.1875,0.1875,0.1875,0.1875,,,
9.06839203834534,0,0.1875,0.1875,0.1875,0.1875,0.1875,0.1875,,,
9.07039213180542,0,0.1875,0.1875,0.1875,0.1875,0.1875,0.1875,,,
9.07239508628845,0,0.1875,0.1875,0.1875,0.1875,0.1875,0.1875,,,
9.07439708709717,0,0.1875,0.1875,0.1875,0.1875,0.1875,0.1875,,,
9.07639813423157,0,0.1875,0.1875,0.1875,0.1875,0.1875,0.1875,,,
9.07840013504028,0,0.1875,0.1875,0.1875,0.1875,0.1875,0.1875,,,
9.08040308952332,0,0.1875,0.1875,0.1875,0.1875,0.1875,0.1875,,,
9.08240294456482,0,0.1875,0.1875,0.1875,0.1875,0.1875,0.1875,,,
9.08440613746643,0,0.1875,0.1875,0.1875,0.1875,0.1875,0.1875,,,
9.08640694618225,0,0.1875,0.1875,0.1875,0.1875,0.1875,0.1875,,,
9.08840894699097,0,0.1875,0.1875,0.1875,0.1875,0.1875,0.1875,,,
9.09041213989258,0,0.1875,0.1875,0.1875,0.1875,0.1875,0.1875,,,
9.0924129486084,0,0.1875,0.1875,0.1875,0.1875,0.1875,0.1875,,,
9.09441494941711,0,0.1875,0.1875,0.1875,0.1875,0.1875,0.1875,,,
9.09641790390015,0,0.1875,0.1875,0.1875,0.1875,0.1875,0.1875,,,
9.09841799736023,0,0.1875,0.1875,0.1875,0.1875,0.1875,0.1875,,,
9.10042095184326,0,0.1875,0.1875,0.1875,0.1875,0.1875,0.1875,,,
9.10242199897766,0,0.1875,0.1875,0.1875,0.1875,0.1875,0.1875,,,
9.10442399978638,0,0.1875,0.1875,0.1875,0.1875,0.1875,0.1875,,,
9.10642695426941,0,0.1875,0.1875,0.1875,0.1875,0.1875,0.1875,,,
9.10842800140381,0,0.1875,0.1875,0.1875,0.1875,0.1875,0.1875,,,
9.11043000221252,0,0.1875,0.1875,0.1875,0.1875,0.1875,0.1875,,,
9.11243104934692,0,0.1875,0.1875,0.1875,0.1875,0.1875,0.1875,,,
9.11443400382996,0,0.1875,0.1875,0.1875,0.1875,0.1875,0.1875,,,
9.11643695831299,0,0.1875,0.1875,0.1875,0.1875,0.1875,0.1875,,,
9.11843705177307,0,0.1875,0.1875,0.1875,0.1875,0.1875,0.1875,,,
9.1204400062561,0,0.1875,0.1875,0.1875,0.1875,0.1875,0.1875,,,
9.12244009971619,0,0.1875,0.1875,0.1875,0.1875,0.1875,0.1875,,,
9.12444305419922,0,0.1875,0.1875,0.1875,0.1875,0.1875,0.1875,,,
9.12644600868225,0,0.1875,0.1875,0.1875,0.1875,0.1875,0.1875,,,
9.12844610214233,0,0.1875,0.1875,0.1875,0.1875,0.1875,0.1875,,,
9.13044905662537,0,0.1875,0.1875,0.1875,0.1875,0.1875,0.1875,,,
9.13244891166687,0,0.1875,0.1875,0.1875,0.1875,0.1875,0.1875,,,
9.13445210456848,0,0.1875,0.1875,0.1875,0.1875,0.1875,0.1875,,,
9.13645505905151,0,0.1875,0.1875,0.1875,0.1875,0.1875,0.1875,,,
9.13845491409302,0,0.1875,0.1875,0.1875,0.1875,0.1875,0.1875,,,
9.14045810699463,0,0.1875,0.1875,0.1875,0.1875,0.1875,0.1875,,,
9.14245796203613,0,0.1875,0.1875,0.1875,0.1875,0.1875,0.1875,,,
9.14446091651917,0,0.1875,0.1875,0.1875,0.1875,0.1875,0.1875,,,
9.14646100997925,0,0.1875,0.1875,0.1875,0.1875,0.1875,0.1875,,,
9.14846396446228,0,0.1875,0.1875,0.1875,0.1875,0.1875,0.1875,,,
9.15046691894531,0,0.1875,0.1875,0.1875,0.1875,0.1875,0.1875,,,
9.1524670124054,0,0.1875,0.1875,0.1875,0.1875,0.1875,0.1875,,,
9.15446996688843,0,0.1875,0.1875,0.1875,0.1875,0.1875,0.1875,,,
9.15647006034851,0,0.1875,0.1875,0.1875,0.1875,0.1875,0.1875,,,
9.15847301483154,0,0.1875,0.1875,0.1875,0.1875,0.1875,0.1875,,,
9.16047596931458,0,0.1875,0.1875,0.1875,0.1875,0.1875,0.1875,,,
9.16247606277466,0,0.1875,0.1875,0.1875,0.1875,0.1875,0.1875,,,
9.16447901725769,0,0.1875,0.1875,0.1875,0.1875,0.1875,0.1875,,,
9.16647911071777,0,0.1875,0.1875,0.1875,0.1875,0.1875,0.1875,,,
9.16848206520081,0,0.1875,0.1875,0.1875,0.1875,0.1875,0.1875,,,
9.17048311233521,0,0.1875,0.1875,0.1875,0.1875,0.1875,0.1875,,,
9.17248511314392,0,0.1875,0.1875,0.1875,0.1875,0.1875,0.1875,,,
9.17448592185974,0,0.1875,0.1875,0.1875,0.1875,0.1875,0.1875,,,
9.17648792266846,0,0.1875,0.1875,0.1875,0.1875,0.1875,0.1875,,,
9.17849111557007,0,0.1875,0.1875,0.1875,0.1875,0.1875,0.1875,,,
9.18049192428589,0,0.1875,0.1875,0.1875,0.1875,0.1875,0.1875,,,
9.1824939250946,0,0.1875,0.1875,0.1875,0.1875,0.1875,0.1875,,,
9.184494972229,0,0.1875,0.1875,0.1875,0.1875,0.1875,0.1875,,,
9.18649792671204,0,0.1875,0.1875,0.1875,0.1875,0.1875,0.1875,,,
9.18849992752075,0,0.1875,0.1875,0.1875,0.1875,0.1875,0.1875,,,
9.19050097465515,0,0.1875,0.1875,0.1875,0.1875,0.1875,0.1875,,,
9.19250392913818,0,0.1875,0.1875,0.1875,0.1875,0.1875,0.1875,,,
9.19450402259827,0,0.1875,0.1875,0.1875,0.1875,0.1875,0.1875,,,
9.1965069770813,0,0.1875,0.1875,0.1875,0.1875,0.1875,0.1875,,,
9.19850707054138,0,0.1875,0.1875,0.1875,0.1875,0.1875,0.1875,,,
9.20051002502441,0,0.1875,0.1875,0.1875,0.1875,0.1875,0.1875,,,
9.20251297950745,0,0.1875,0.1875,0.1875,0.1875,0.1875,0.1875,,,
9.20451307296753,0,0.1875,0.1875,0.1875,0.1875,0.1875,0.1875,,,
9.20651602745056,0,0.1875,0.1875,0.1875,0.1875,0.1875,0.1875,,,
9.20851612091064,0,0.1875,0.1875,0.1875,0.1875,0.1875,0.1875,,,
9.21051907539368,0,0.1875,0.1875,0.1875,0.1875,0.1875,0.1875,,,
9.21251893043518,0,0.1875,0.1875,0.1875,0.1875,0.1875,0.1875,,,
9.21452212333679,0,0.1875,0.1875,0.1875,0.1875,0.1875,0.1875,,,
9.21652507781982,0,0.1875,0.1875,0.1875,0.1875,0.1875,0.1875,,,
9.21852493286133,0,0.1875,0.1875,0.1875,0.1875,0.1875,0.1875,,,
9.22052812576294,0,0.1875,0.1875,0.1875,0.1875,0.1875,0.1875,,,
9.22252798080444,0,0.1875,0.1875,0.1875,0.1875,0.1875,0.1875,,,
9.22453093528748,0,0.1875,0.1875,0.1875,0.1875,0.1875,0.1875,,,
9.22653412818909,0,0.1875,0.1875,0.1875,0.1875,0.1875,0.1875,,,
9.22853398323059,0,0.1875,0.1875,0.1875,0.1875,0.1875,0.1875,,,
9.23053693771362,0,0.1875,0.1875,0.1875,0.1875,0.1875,0.1875,,,
9.23253703117371,0,0.1875,0.1875,0.1875,0.1875,0.1875,0.1875,,,
9.23453998565674,0,0.1875,0.1875,0.1875,0.1875,0.1875,0.1875,,,
9.23654103279114,0,0.1875,0.1875,0.1875,0.1875,0.1875,0.1875,,,
9.23854303359985,0,0.1875,0.1875,0.1875,0.1875,0.1875,0.1875,,,
9.24054598808289,0,0.1875,0.1875,0.1875,0.1875,0.1875,0.1875,,,
9.24254703521729,0,0.1875,0.1875,0.1875,0.1875,0.1875,0.1875,,,
9.244549036026,0,0.1875,0.1875,0.1875,0.1875,0.1875,0.1875,,,
9.2465500831604,0,0.1875,0.1875,0.1875,0.1875,0.1875,0.1875,,,
9.24855303764343,0,0.1875,0.1875,0.1875,0.1875,0.1875,0.1875,,,
9.25055313110352,0,0.1875,0.1875,0.1875,0.1875,0.1875,0.1875,,,
9.25255608558655,0,0.1875,0.1875,0.1875,0.1875,0.1875,0.1875,,,
9.25455594062805,0,0.1875,0.1875,0.1875,0.1875,0.1875,0.1875,,,
9.25655913352966,0,0.1875,0.1875,0.1875,0.1875,0.1875,0.1875,2,,
9.2585620880127,0,0.1875,0.1875,0.1875,0.1875,0.1875,0.1875,,,
9.2605619430542,0,0.1875,0.1875,0.1875,0.1875,0.1875,0.1875,,,
9.26256513595581,0,0.1875,0.1875,0.1875,0.1875,0.1875,0.1875,,,
9.26456499099731,0,0.1875,0.1875,0.1875,0.1875,0.1875,0.1875,,,
9.26656794548035,0,0.1875,0.1875,0.1875,0.1875,0.1875,0.1875,,,
9.26857113838196,0,0.1875,0.1875,0.1875,0.1875,0.1875,0.1875,,,
9.27057099342346,0,0.1875,0.1875,0.1875,0.1875,0.1875,0.1875,,,
9.27257394790649,0,0.1875,0.1875,0.1875,0.1875,0.1875,0.1875,,,
9.27457404136658,0,0.1875,0.1875,0.1875,0.1875,0.1875,0.1875,,,
9.27657699584961,0,0.1875,0.1875,0.1875,0.1875,0.1875,0.1875,,,
9.27857708930969,0,0.1875,0.1875,0.1875,0.1875,0.1875,0.1875,,,
9.28058004379272,0,0.1875,0.1875,0.1875,0.1875,0.1875,0.1875,,,
9.28258299827576,0,0.1875,0.1875,0.1875,0.1875,0.1875,0.1875,,,
9.28458309173584,0,0.1875,0.1875,0.1875,0.1875,0.1875,0.1875,,,
9.28658604621887,0,0.1875,0.1875,0.1875,0.1875,0.1875,0.1875,,,
9.28858613967896,0,0.1875,0.1875,0.1875,0.1875,0.1875,0.1875,,,
9.29058909416199,0,0.1875,0.1875,0.1875,0.1875,0.1875,0.1875,,,
9.29258894920349,0,0.1875,0.1875,0.1875,0.1875,0.1875,0.1875,,,
9.29459190368652,0,0.1875,0.1875,0.1875,0.1875,0.1875,0.1875,,,
9.29659509658813,0,0.1875,0.1875,0.1875,0.1875,0.1875,0.1875,,,
9.29859495162964,0,0.1875,0.1875,0.1875,0.1875,0.1875,0.1875,,,
9.30059790611267,0,0.1875,0.1875,0.1875,0.1875,0.1875,0.1875,,,
9.30259799957275,0,0.1875,0.1875,0.1875,0.1875,0.1875,0.1875,,,
9.30460095405579,0,0.1875,0.1875,0.1875,0.1875,0.1875,0.1875,,,
9.30660390853882,0,0.1875,0.1875,0.1875,0.1875,0.1875,0.1875,,,
9.3086040019989,0,0.1875,0.1875,0.1875,0.1875,0.1875,0.1875,,,
9.31060695648193,0,0.1875,0.1875,0.1875,0.1875,0.1875,0.1875,,,
9.31260704994202,0,0.1875,0.1875,0.1875,0.1875,0.1875,0.1875,,,
9.31461000442505,0,0.1875,0.1875,0.1875,0.1875,0.1875,0.1875,,,
9.31661295890808,0,0.1875,0.1875,0.1875,0.1875,0.1875,0.1875,,,
9.31861305236816,0,0.1875,0.1875,0.1875,0.1875,0.1875,0.1875,,,
9.3206160068512,0,0.1875,0.1875,0.1875,0.1875,0.1875,0.1875,,,
9.3226170539856,0,0.1875,0.1875,0.1875,0.1875,0.1875,0.1875,,,
9.32461905479431,0,0.1875,0.1875,0.1875,0.1875,0.1875,0.1875,,,
9.32662010192871,0,0.1875,0.1875,0.1875,0.1875,0.1875,0.1875,,,
9.32862305641174,0,0.1875,0.1875,0.1875,0.1875,0.1875,0.1875,,,
9.33062505722046,0,0.1875,0.1875,0.1875,0.1875,0.1875,0.1875,,,
9.33262610435486,0,0.1875,0.1875,0.1875,0.1875,0.1875,0.1875,,,
9.33462905883789,0,0.1875,0.1875,0.1875,0.1875,0.1875,0.1875,,,
9.33662891387939,0,0.1875,0.1875,0.1875,0.1875,0.1875,0.1875,,,
9.33863210678101,0,0.1875,0.1875,0.1875,0.1875,0.1875,0.1875,,,
9.34063410758972,0,0.1875,0.1875,0.1875,0.1875,0.1875,0.1875,,,
9.34263491630554,0,0.1875,0.1875,0.1875,0.1875,0.1875,0.1875,,,
9.34463810920715,0,0.1875,0.1875,0.1875,0.1875,0.1875,0.1875,,,
9.34663796424866,0,0.1875,0.1875,0.1875,0.1875,0.1875,0.1875,,,
9.34864091873169,0,0.1875,0.1875,0.1875,0.1875,0.1875,0.1875,,,
9.3506441116333,0,0.1875,0.1875,0.1875,0.1875,0.1875,0.1875,,,
9.3526439666748,0,0.1875,0.1875,0.1875,0.1875,0.1875,0.1875,,,
9.35464692115784,0,0.1875,0.1875,0.1875,0.1875,0.1875,0.1875,,,
9.35664701461792,0,0.1875,0.1875,0.1875,0.1875,0.1875,0.1875,,,
9.35864996910095,0,0.1875,0.1875,0.1875,0.1875,0.1875,0.1875,,,
9.36065196990967,0,0.1875,0.1875,0.1875,0.1875,0.1875,0.1875,,,
9.36265301704407,0,0.1875,0.1875,0.1875,0.1875,0.1875,0.1875,,,
9.36465501785278,0,0.1875,0.1875,0.1875,0.1875,0.1875,0.1875,,,
9.36665797233582,0,0.1875,0.1875,0.1875,0.1875,0.1875,0.1875,,,
9.3686580657959,0,0.1875,0.1875,0.1875,0.1875,0.1875,0.1875,,,
9.37066102027893,0,0.1875,0.1875,0.1875,0.1875,0.1875,0.1875,,,
9.37266206741333,0,0.1875,0.1875,0.1875,0.1875,0.1875,0.1875,,,
9.37466406822205,0,0.1875,0.1875,0.1875,0.1875,0.1875,0.1875,,,
9.37666702270508,0,0.1875,0.1875,0.1875,0.1875,0.1875,0.1875,,,
9.37866806983948,0,0.1875,0.1875,0.1875,0.1875,0.1875,0.1875,,,
9.38067007064819,0,0.1875,0.1875,0.1875,0.1875,0.1875,0.1875,,,
9.38267111778259,0,0.1875,0.1875,0.1875,0.1875,0.1875,0.1875,,,
9.38467311859131,0,0.1875,0.1875,0.1875,0.1875,0.1875,0.1875,,,
9.38667607307434,0,0.1875,0.1875,0.1875,0.1875,0.1875,0.1875,,,
9.38867712020874,0,0.1875,0.1875,0.1875,0.1875,0.1875,0.1875,,,
9.39067912101746,0,0.1875,0.1875,0.1875,0.1875,0.1875,0.1875,,,
9.39267992973328,0,0.1875,0.1875,0.1875,0.1875,0.1875,0.1875,,,
9.39468312263489,0,0.1875,0.1875,0.1875,0.1875,0.1875,0.1875,,,
9.3966851234436,0,0.1875,0.1875,0.1875,0.1875,0.1875,0.1875,,,
9.39868593215942,0,0.1875,0.1875,0.1875,0.1875,0.1875,0.1875,,,
9.40068793296814,0,0.1875,0.1875,0.1875,0.1875,0.1875,0.1875,,,
9.40269112586975,0,0.1875,0.1875,0.1875,0.1875,0.1875,0.1875,,,
9.40469193458557,0,0.1875,0.1875,0.1875,0.1875,0.1875,0.1875,,,
9.40669393539429,0,0.1875,0.1875,0.1875,0.1875,0.1875,0.1875,,,
9.40869498252869,0,0.1875,0.1875,0.1875,0.1875,0.1875,0.1875,,,
9.41069793701172,0,0.1875,0.1875,0.1875,0.1875,0.1875,0.1875,,,
9.41269993782043,0,0.1875,0.1875,0.1875,0.1875,0.1875,0.1875,,,
9.41470098495483,0,0.1875,0.1875,0.1875,0.1875,0.1875,0.1875,,,
9.41670298576355,0,0.1875,0.1875,0.1875,0.1875,0.1875,0.1875,,,
9.41870403289795,0,0.1875,0.1875,0.1875,0.1875,0.1875,0.1875,,,
9.42070698738098,0,0.1875,0.1875,0.1875,0.1875,0.1875,0.1875,,,
9.42270708084106,0,0.1875,0.1875,0.1875,0.1875,0.1875,0.1875,,,
9.4247100353241,0,0.1875,0.1875,0.1875,0.1875,0.1875,0.1875,,,
9.42671298980713,0,0.1875,0.1875,0.1875,0.1875,0.1875,0.1875,,,
9.42871308326721,0,0.1875,0.1875,0.1875,0.1875,0.1875,0.1875,,,
9.43071603775024,0,0.1875,0.1875,0.1875,0.1875,0.1875,0.1875,,,
9.43271613121033,0,0.1875,0.1875,0.1875,0.1875,0.1875,0.1875,,,
9.43471908569336,0,0.1875,0.1875,0.1875,0.1875,0.1875,0.1875,,,
9.43672204017639,0,0.1875,0.1875,0.1875,0.1875,0.1875,0.1875,,,
9.43872213363647,0,0.1875,0.1875,0.1875,0.1875,0.1875,0.1875,,,
9.44072508811951,0,0.1875,0.1875,0.1875,0.1875,0.1875,0.1875,,,
9.44272494316101,0,0.1875,0.1875,0.1875,0.1875,0.1875,0.1875,,,
9.44472813606262,0,0.1875,0.1875,0.1875,0.1875,0.1875,0.1875,,,
9.44673109054565,0,0.1875,0.1875,0.1875,0.1875,0.1875,0.1875,,,
9.44873094558716,0,0.1875,0.1875,0.1875,0.1875,0.1875,0.1875,,,
9.45073413848877,0,0.1875,0.1875,0.1875,0.1875,0.1875,0.1875,,,
9.45273399353027,0,0.1875,0.1875,0.1875,0.1875,0.1875,0.1875,,,
9.45473694801331,0,0.1875,0.1875,0.1875,0.1875,0.1875,0.1875,,,
9.45673704147339,0,0.1875,0.1875,0.1875,0.1875,0.1875,0.1875,,,
9.45873999595642,0,0.1875,0.1875,0.1875,0.1875,0.1875,0.1875,,,
9.46074295043945,0,0.1875,0.1875,0.1875,0.1875,0.1875,0.1875,,,
9.46274304389954,0,0.1875,0.1875,0.1875,0.1875,0.1875,0.1875,,,
9.46474599838257,0,0.1875,0.1875,0.1875,0.1875,0.1875,0.1875,,,
9.46674609184265,0,0.1875,0.1875,0.1875,0.1875,0.1875,0.1875,,,
9.46874904632568,0,0.1875,0.1875,0.1875,0.1875,0.1875,0.1875,,,
9.47075009346008,0,0.1875,0.1875,0.1875,0.1875,0.1875,0.1875,,,
9.4727520942688,0,0.1875,0.1875,0.1875,0.1875,0.1875,0.1875,,,
9.4747531414032,0,0.1875,0.1875,0.1875,0.1875,0.1875,0.1875,,,
9.47675490379334,0,0.1875,0.1875,0.1875,0.1875,0.1875,0.1875,,,
9.47874903678894,0,0.1875,0.1875,0.1875,0.1875,0.1875,0.1875,,,
9.48074913024902,0,0.1875,0.1875,0.1875,0.1875,0.1875,0.1875,,,
9.48275208473206,0,0.1875,0.1875,0.1875,0.1875,0.1875,0.1875,,,
9.48475313186646,0,0.1875,0.1875,0.1875,0.1875,0.1875,0.1875,,,
9.48675608634949,0,0.1875,0.1875,0.1875,0.1875,0.1875,0.1875,,,
9.48875594139099,0,0.1875,0.1875,0.1875,0.1875,0.1875,0.1875,,,
9.4907591342926,0,0.1875,0.1875,0.1875,0.1875,0.1875,0.1875,,,
9.49276208877563,0,0.1875,0.1875,0.1875,0.1875,0.1875,0.1875,,,
9.49476194381714,0,0.1875,0.1875,0.1875,0.1875,0.1875,0.1875,,,
9.49676513671875,0,0.1875,0.1875,0.1875,0.1875,0.1875,0.1875,,,
9.49876499176025,0,0.1875,0.1875,0.1875,0.1875,0.1875,0.1875,,,
9.50076794624329,0,0.1875,0.1875,0.1875,0.1875,0.1875,0.1875,,,
9.50276803970337,0,0.1875,0.1875,0.1875,0.1875,0.1875,0.1875,,,
9.5047709941864,0,0.1875,0.1875,0.1875,0.1875,0.1875,0.1875,,,

